{
 "cells": [
  {
   "cell_type": "markdown",
   "metadata": {},
   "source": [
    "## Multivariate Reduction Practice\n",
    "\n",
    "Lets continue our discussion with multivariate data reduction. We will focus on dimensionality reduction using principal component analysis. The questions are partially complete. You may have to debug/modify/complete the code to generate the desired output. "
   ]
  },
  {
   "cell_type": "markdown",
   "metadata": {},
   "source": [
    "**Load the data** into movies_data dataframe."
   ]
  },
  {
   "cell_type": "code",
   "execution_count": 1,
   "metadata": {},
   "outputs": [
    {
     "data": {
      "text/html": [
       "<table>\n",
       "<caption>A data.frame: 6 × 28</caption>\n",
       "<thead>\n",
       "\t<tr><th scope=col>color</th><th scope=col>director_name</th><th scope=col>num_critic_for_reviews</th><th scope=col>duration</th><th scope=col>director_facebook_likes</th><th scope=col>actor_3_facebook_likes</th><th scope=col>actor_2_name</th><th scope=col>actor_1_facebook_likes</th><th scope=col>gross</th><th scope=col>genres</th><th scope=col>⋯</th><th scope=col>num_user_for_reviews</th><th scope=col>language</th><th scope=col>country</th><th scope=col>content_rating</th><th scope=col>budget</th><th scope=col>title_year</th><th scope=col>actor_2_facebook_likes</th><th scope=col>imdb_score</th><th scope=col>aspect_ratio</th><th scope=col>movie_facebook_likes</th></tr>\n",
       "\t<tr><th scope=col>&lt;fct&gt;</th><th scope=col>&lt;fct&gt;</th><th scope=col>&lt;int&gt;</th><th scope=col>&lt;int&gt;</th><th scope=col>&lt;int&gt;</th><th scope=col>&lt;int&gt;</th><th scope=col>&lt;fct&gt;</th><th scope=col>&lt;int&gt;</th><th scope=col>&lt;int&gt;</th><th scope=col>&lt;fct&gt;</th><th scope=col>⋯</th><th scope=col>&lt;int&gt;</th><th scope=col>&lt;fct&gt;</th><th scope=col>&lt;fct&gt;</th><th scope=col>&lt;fct&gt;</th><th scope=col>&lt;dbl&gt;</th><th scope=col>&lt;int&gt;</th><th scope=col>&lt;int&gt;</th><th scope=col>&lt;dbl&gt;</th><th scope=col>&lt;dbl&gt;</th><th scope=col>&lt;int&gt;</th></tr>\n",
       "</thead>\n",
       "<tbody>\n",
       "\t<tr><td>Color</td><td>James Cameron    </td><td>723</td><td>178</td><td>    0</td><td>  855</td><td>Joel David Moore</td><td> 1000</td><td>760505847</td><td>Action|Adventure|Fantasy|Sci-Fi</td><td>⋯</td><td>3054</td><td>English</td><td>USA</td><td>PG-13</td><td>237000000</td><td>2009</td><td>  936</td><td>7.9</td><td>1.78</td><td> 33000</td></tr>\n",
       "\t<tr><td>Color</td><td>Gore Verbinski   </td><td>302</td><td>169</td><td>  563</td><td> 1000</td><td>Orlando Bloom   </td><td>40000</td><td>309404152</td><td>Action|Adventure|Fantasy       </td><td>⋯</td><td>1238</td><td>English</td><td>USA</td><td>PG-13</td><td>300000000</td><td>2007</td><td> 5000</td><td>7.1</td><td>2.35</td><td>     0</td></tr>\n",
       "\t<tr><td>Color</td><td>Sam Mendes       </td><td>602</td><td>148</td><td>    0</td><td>  161</td><td>Rory Kinnear    </td><td>11000</td><td>200074175</td><td>Action|Adventure|Thriller      </td><td>⋯</td><td> 994</td><td>English</td><td>UK </td><td>PG-13</td><td>245000000</td><td>2015</td><td>  393</td><td>6.8</td><td>2.35</td><td> 85000</td></tr>\n",
       "\t<tr><td>Color</td><td>Christopher Nolan</td><td>813</td><td>164</td><td>22000</td><td>23000</td><td>Christian Bale  </td><td>27000</td><td>448130642</td><td>Action|Thriller                </td><td>⋯</td><td>2701</td><td>English</td><td>USA</td><td>PG-13</td><td>250000000</td><td>2012</td><td>23000</td><td>8.5</td><td>2.35</td><td>164000</td></tr>\n",
       "\t<tr><td>     </td><td>Doug Walker      </td><td> NA</td><td> NA</td><td>  131</td><td>   NA</td><td>Rob Walker      </td><td>  131</td><td>       NA</td><td>Documentary                    </td><td>⋯</td><td>  NA</td><td>       </td><td>   </td><td>     </td><td>       NA</td><td>  NA</td><td>   12</td><td>7.1</td><td>  NA</td><td>     0</td></tr>\n",
       "\t<tr><td>Color</td><td>Andrew Stanton   </td><td>462</td><td>132</td><td>  475</td><td>  530</td><td>Samantha Morton </td><td>  640</td><td> 73058679</td><td>Action|Adventure|Sci-Fi        </td><td>⋯</td><td> 738</td><td>English</td><td>USA</td><td>PG-13</td><td>263700000</td><td>2012</td><td>  632</td><td>6.6</td><td>2.35</td><td> 24000</td></tr>\n",
       "</tbody>\n",
       "</table>\n"
      ],
      "text/latex": [
       "A data.frame: 6 × 28\n",
       "\\begin{tabular}{r|llllllllllllllllllllllllllll}\n",
       " color & director\\_name & num\\_critic\\_for\\_reviews & duration & director\\_facebook\\_likes & actor\\_3\\_facebook\\_likes & actor\\_2\\_name & actor\\_1\\_facebook\\_likes & gross & genres & actor\\_1\\_name & movie\\_title & num\\_voted\\_users & cast\\_total\\_facebook\\_likes & actor\\_3\\_name & facenumber\\_in\\_poster & plot\\_keywords & movie\\_imdb\\_link & num\\_user\\_for\\_reviews & language & country & content\\_rating & budget & title\\_year & actor\\_2\\_facebook\\_likes & imdb\\_score & aspect\\_ratio & movie\\_facebook\\_likes\\\\\n",
       " <fct> & <fct> & <int> & <int> & <int> & <int> & <fct> & <int> & <int> & <fct> & <fct> & <fct> & <int> & <int> & <fct> & <int> & <fct> & <fct> & <int> & <fct> & <fct> & <fct> & <dbl> & <int> & <int> & <dbl> & <dbl> & <int>\\\\\n",
       "\\hline\n",
       "\t Color & James Cameron     & 723 & 178 &     0 &   855 & Joel David Moore &  1000 & 760505847 & Action\\textbar{}Adventure\\textbar{}Fantasy\\textbar{}Sci-Fi & CCH Pounder     & Avatar                                                  &  886204 &   4834 & Wes Studi            & 0 & avatar\\textbar{}future\\textbar{}marine\\textbar{}native\\textbar{}paraplegic                           & http://www.imdb.com/title/tt0499549/?ref\\_=fn\\_tt\\_tt\\_1 & 3054 & English & USA & PG-13 & 237000000 & 2009 &   936 & 7.9 & 1.78 &  33000\\\\\n",
       "\t Color & Gore Verbinski    & 302 & 169 &   563 &  1000 & Orlando Bloom    & 40000 & 309404152 & Action\\textbar{}Adventure\\textbar{}Fantasy        & Johnny Depp     & Pirates of the Caribbean: At World's End                &  471220 &  48350 & Jack Davenport       & 0 & goddess\\textbar{}marriage ceremony\\textbar{}marriage proposal\\textbar{}pirate\\textbar{}singapore     & http://www.imdb.com/title/tt0449088/?ref\\_=fn\\_tt\\_tt\\_1 & 1238 & English & USA & PG-13 & 300000000 & 2007 &  5000 & 7.1 & 2.35 &      0\\\\\n",
       "\t Color & Sam Mendes        & 602 & 148 &     0 &   161 & Rory Kinnear     & 11000 & 200074175 & Action\\textbar{}Adventure\\textbar{}Thriller       & Christoph Waltz & Spectre                                                 &  275868 &  11700 & Stephanie Sigman     & 1 & bomb\\textbar{}espionage\\textbar{}sequel\\textbar{}spy\\textbar{}terrorist                              & http://www.imdb.com/title/tt2379713/?ref\\_=fn\\_tt\\_tt\\_1 &  994 & English & UK  & PG-13 & 245000000 & 2015 &   393 & 6.8 & 2.35 &  85000\\\\\n",
       "\t Color & Christopher Nolan & 813 & 164 & 22000 & 23000 & Christian Bale   & 27000 & 448130642 & Action\\textbar{}Thriller                 & Tom Hardy       & The Dark Knight Rises                                   & 1144337 & 106759 & Joseph Gordon-Levitt & 0 & deception\\textbar{}imprisonment\\textbar{}lawlessness\\textbar{}police officer\\textbar{}terrorist plot & http://www.imdb.com/title/tt1345836/?ref\\_=fn\\_tt\\_tt\\_1 & 2701 & English & USA & PG-13 & 250000000 & 2012 & 23000 & 8.5 & 2.35 & 164000\\\\\n",
       "\t       & Doug Walker       &  NA &  NA &   131 &    NA & Rob Walker       &   131 &        NA & Documentary                     & Doug Walker     & Star Wars: Episode VII - The Force Awakens              &       8 &    143 &                      & 0 &                                                                  & http://www.imdb.com/title/tt5289954/?ref\\_=fn\\_tt\\_tt\\_1 &   NA &         &     &       &        NA &   NA &    12 & 7.1 &   NA &      0\\\\\n",
       "\t Color & Andrew Stanton    & 462 & 132 &   475 &   530 & Samantha Morton  &   640 &  73058679 & Action\\textbar{}Adventure\\textbar{}Sci-Fi         & Daryl Sabara    & John Carter                                             &  212204 &   1873 & Polly Walker         & 1 & alien\\textbar{}american civil war\\textbar{}male nipple\\textbar{}mars\\textbar{}princess               & http://www.imdb.com/title/tt0401729/?ref\\_=fn\\_tt\\_tt\\_1 &  738 & English & USA & PG-13 & 263700000 & 2012 &   632 & 6.6 & 2.35 &  24000\\\\\n",
       "\\end{tabular}\n"
      ],
      "text/markdown": [
       "\n",
       "A data.frame: 6 × 28\n",
       "\n",
       "| color &lt;fct&gt; | director_name &lt;fct&gt; | num_critic_for_reviews &lt;int&gt; | duration &lt;int&gt; | director_facebook_likes &lt;int&gt; | actor_3_facebook_likes &lt;int&gt; | actor_2_name &lt;fct&gt; | actor_1_facebook_likes &lt;int&gt; | gross &lt;int&gt; | genres &lt;fct&gt; | ⋯ ⋯ | num_user_for_reviews &lt;int&gt; | language &lt;fct&gt; | country &lt;fct&gt; | content_rating &lt;fct&gt; | budget &lt;dbl&gt; | title_year &lt;int&gt; | actor_2_facebook_likes &lt;int&gt; | imdb_score &lt;dbl&gt; | aspect_ratio &lt;dbl&gt; | movie_facebook_likes &lt;int&gt; |\n",
       "|---|---|---|---|---|---|---|---|---|---|---|---|---|---|---|---|---|---|---|---|---|\n",
       "| Color | James Cameron     | 723 | 178 |     0 |   855 | Joel David Moore |  1000 | 760505847 | Action|Adventure|Fantasy|Sci-Fi | ⋯ | 3054 | English | USA | PG-13 | 237000000 | 2009 |   936 | 7.9 | 1.78 |  33000 |\n",
       "| Color | Gore Verbinski    | 302 | 169 |   563 |  1000 | Orlando Bloom    | 40000 | 309404152 | Action|Adventure|Fantasy        | ⋯ | 1238 | English | USA | PG-13 | 300000000 | 2007 |  5000 | 7.1 | 2.35 |      0 |\n",
       "| Color | Sam Mendes        | 602 | 148 |     0 |   161 | Rory Kinnear     | 11000 | 200074175 | Action|Adventure|Thriller       | ⋯ |  994 | English | UK  | PG-13 | 245000000 | 2015 |   393 | 6.8 | 2.35 |  85000 |\n",
       "| Color | Christopher Nolan | 813 | 164 | 22000 | 23000 | Christian Bale   | 27000 | 448130642 | Action|Thriller                 | ⋯ | 2701 | English | USA | PG-13 | 250000000 | 2012 | 23000 | 8.5 | 2.35 | 164000 |\n",
       "| <!----> | Doug Walker       |  NA |  NA |   131 |    NA | Rob Walker       |   131 |        NA | Documentary                     | ⋯ |   NA | <!----> | <!----> | <!----> |        NA |   NA |    12 | 7.1 |   NA |      0 |\n",
       "| Color | Andrew Stanton    | 462 | 132 |   475 |   530 | Samantha Morton  |   640 |  73058679 | Action|Adventure|Sci-Fi         | ⋯ |  738 | English | USA | PG-13 | 263700000 | 2012 |   632 | 6.6 | 2.35 |  24000 |\n",
       "\n"
      ],
      "text/plain": [
       "  color director_name     num_critic_for_reviews duration\n",
       "1 Color James Cameron     723                    178     \n",
       "2 Color Gore Verbinski    302                    169     \n",
       "3 Color Sam Mendes        602                    148     \n",
       "4 Color Christopher Nolan 813                    164     \n",
       "5       Doug Walker        NA                     NA     \n",
       "6 Color Andrew Stanton    462                    132     \n",
       "  director_facebook_likes actor_3_facebook_likes actor_2_name    \n",
       "1     0                     855                  Joel David Moore\n",
       "2   563                    1000                  Orlando Bloom   \n",
       "3     0                     161                  Rory Kinnear    \n",
       "4 22000                   23000                  Christian Bale  \n",
       "5   131                      NA                  Rob Walker      \n",
       "6   475                     530                  Samantha Morton \n",
       "  actor_1_facebook_likes gross     genres                          ⋯\n",
       "1  1000                  760505847 Action|Adventure|Fantasy|Sci-Fi ⋯\n",
       "2 40000                  309404152 Action|Adventure|Fantasy        ⋯\n",
       "3 11000                  200074175 Action|Adventure|Thriller       ⋯\n",
       "4 27000                  448130642 Action|Thriller                 ⋯\n",
       "5   131                         NA Documentary                     ⋯\n",
       "6   640                   73058679 Action|Adventure|Sci-Fi         ⋯\n",
       "  num_user_for_reviews language country content_rating budget    title_year\n",
       "1 3054                 English  USA     PG-13          237000000 2009      \n",
       "2 1238                 English  USA     PG-13          300000000 2007      \n",
       "3  994                 English  UK      PG-13          245000000 2015      \n",
       "4 2701                 English  USA     PG-13          250000000 2012      \n",
       "5   NA                                                        NA   NA      \n",
       "6  738                 English  USA     PG-13          263700000 2012      \n",
       "  actor_2_facebook_likes imdb_score aspect_ratio movie_facebook_likes\n",
       "1   936                  7.9        1.78          33000              \n",
       "2  5000                  7.1        2.35              0              \n",
       "3   393                  6.8        2.35          85000              \n",
       "4 23000                  8.5        2.35         164000              \n",
       "5    12                  7.1          NA              0              \n",
       "6   632                  6.6        2.35          24000              "
      ]
     },
     "metadata": {},
     "output_type": "display_data"
    }
   ],
   "source": [
    "movies_data <- read.csv(\"/dsa/data/all_datasets/movies/movie_metadata.csv\", header = T, sep=\",\")\n",
    "head(movies_data)"
   ]
  },
  {
   "cell_type": "markdown",
   "metadata": {},
   "source": [
    "Remove the rows that contain any NA values."
   ]
  },
  {
   "cell_type": "code",
   "execution_count": 2,
   "metadata": {},
   "outputs": [
    {
     "data": {
      "text/html": [
       "5043"
      ],
      "text/latex": [
       "5043"
      ],
      "text/markdown": [
       "5043"
      ],
      "text/plain": [
       "[1] 5043"
      ]
     },
     "metadata": {},
     "output_type": "display_data"
    },
    {
     "data": {
      "text/html": [
       "3801"
      ],
      "text/latex": [
       "3801"
      ],
      "text/markdown": [
       "3801"
      ],
      "text/plain": [
       "[1] 3801"
      ]
     },
     "metadata": {},
     "output_type": "display_data"
    }
   ],
   "source": [
    "# Count number of rows in the dataset\n",
    "nrow(movies_data)\n",
    "\n",
    "# Omit rows from  the dataset that contain NA values\n",
    "movies_data <- na.omit(movies_data)\n",
    "\n",
    "# Count number of rows again in the dataset\n",
    "nrow(movies_data)\n",
    "\n",
    "# Create a new dataframe called less_data excluding all rows from movies_data that contain NA values \n",
    "less_data <- movies_data[!sapply(movies_data,class) %in% c(\"factor\")]"
   ]
  },
  {
   "cell_type": "markdown",
   "metadata": {},
   "source": [
    "#### Correlation Matrix\n"
   ]
  },
  {
   "cell_type": "code",
   "execution_count": 3,
   "metadata": {},
   "outputs": [
    {
     "data": {
      "text/html": [
       "<table>\n",
       "<caption>A matrix: 16 × 16 of type dbl</caption>\n",
       "<thead>\n",
       "\t<tr><th></th><th scope=col>num_critic_for_reviews</th><th scope=col>duration</th><th scope=col>director_facebook_likes</th><th scope=col>actor_3_facebook_likes</th><th scope=col>actor_1_facebook_likes</th><th scope=col>gross</th><th scope=col>num_voted_users</th><th scope=col>cast_total_facebook_likes</th><th scope=col>facenumber_in_poster</th><th scope=col>num_user_for_reviews</th><th scope=col>budget</th><th scope=col>title_year</th><th scope=col>actor_2_facebook_likes</th><th scope=col>imdb_score</th><th scope=col>aspect_ratio</th><th scope=col>movie_facebook_likes</th></tr>\n",
       "</thead>\n",
       "<tbody>\n",
       "\t<tr><th scope=row>num_critic_for_reviews</th><td> 1.00000000</td><td> 0.22770510</td><td> 0.17691581</td><td>0.25508576</td><td>0.17019757</td><td> 0.46853499</td><td> 0.59498973</td><td>0.24100544</td><td>-0.03400866</td><td> 0.56679514</td><td> 0.10568105</td><td> 0.41038049</td><td>0.25583672</td><td> 0.34388077</td><td>0.18064082</td><td>0.70396936</td></tr>\n",
       "\t<tr><th scope=row>duration</th><td> 0.22770510</td><td> 1.00000000</td><td> 0.17973400</td><td>0.12577123</td><td>0.08471988</td><td> 0.24474304</td><td> 0.33803814</td><td>0.12117142</td><td> 0.02909973</td><td> 0.35039147</td><td> 0.06816122</td><td>-0.12942203</td><td>0.12945227</td><td> 0.36612369</td><td>0.15311429</td><td>0.21493610</td></tr>\n",
       "\t<tr><th scope=row>director_facebook_likes</th><td> 0.17691581</td><td> 0.17973400</td><td> 1.00000000</td><td>0.11824025</td><td>0.09073261</td><td> 0.13993814</td><td> 0.30061915</td><td>0.11974122</td><td>-0.04761895</td><td> 0.21831138</td><td> 0.01855931</td><td>-0.04460636</td><td>0.11690032</td><td> 0.19083814</td><td>0.03787106</td><td>0.16273728</td></tr>\n",
       "\t<tr><th scope=row>actor_3_facebook_likes</th><td> 0.25508576</td><td> 0.12577123</td><td> 0.11824025</td><td>1.00000000</td><td>0.25372024</td><td> 0.30158391</td><td> 0.26945536</td><td>0.49068631</td><td> 0.10501768</td><td> 0.20732096</td><td> 0.04047813</td><td> 0.11553537</td><td>0.55418237</td><td> 0.06497354</td><td>0.04712336</td><td>0.27251268</td></tr>\n",
       "\t<tr><th scope=row>actor_1_facebook_likes</th><td> 0.17019757</td><td> 0.08471988</td><td> 0.09073261</td><td>0.25372024</td><td>1.00000000</td><td> 0.14704475</td><td> 0.18226526</td><td>0.94492526</td><td> 0.05757968</td><td> 0.12522139</td><td> 0.01708638</td><td> 0.09374233</td><td>0.39267587</td><td> 0.09313142</td><td>0.05760375</td><td>0.13177824</td></tr>\n",
       "\t<tr><th scope=row>gross</th><td> 0.46853499</td><td> 0.24474304</td><td> 0.13993814</td><td>0.30158391</td><td>0.14704475</td><td> 1.00000000</td><td> 0.62694784</td><td>0.23868703</td><td>-0.03225370</td><td> 0.54710674</td><td> 0.10038914</td><td> 0.05236800</td><td>0.25465945</td><td> 0.21212439</td><td>0.06526004</td><td>0.36849402</td></tr>\n",
       "\t<tr><th scope=row>num_voted_users</th><td> 0.59498973</td><td> 0.33803814</td><td> 0.30061915</td><td>0.26945536</td><td>0.18226526</td><td> 0.62694784</td><td> 1.00000000</td><td>0.25194009</td><td>-0.03202642</td><td> 0.77992455</td><td> 0.06682395</td><td> 0.02193838</td><td>0.24666028</td><td> 0.47791732</td><td>0.08548456</td><td>0.51869065</td></tr>\n",
       "\t<tr><th scope=row>cast_total_facebook_likes</th><td> 0.24100544</td><td> 0.12117142</td><td> 0.11974122</td><td>0.49068631</td><td>0.94492526</td><td> 0.23868703</td><td> 0.25194009</td><td>1.00000000</td><td> 0.08098495</td><td> 0.18228784</td><td> 0.02942336</td><td> 0.12401462</td><td>0.64401612</td><td> 0.10625870</td><td>0.06967465</td><td>0.20706080</td></tr>\n",
       "\t<tr><th scope=row>facenumber_in_poster</th><td>-0.03400866</td><td> 0.02909973</td><td>-0.04761895</td><td>0.10501768</td><td>0.05757968</td><td>-0.03225370</td><td>-0.03202642</td><td>0.08098495</td><td> 1.00000000</td><td>-0.07940360</td><td>-0.02175723</td><td> 0.06795245</td><td>0.07413806</td><td>-0.06429247</td><td>0.01662043</td><td>0.01433235</td></tr>\n",
       "\t<tr><th scope=row>num_user_for_reviews</th><td> 0.56679514</td><td> 0.35039147</td><td> 0.21831138</td><td>0.20732096</td><td>0.12522139</td><td> 0.54710674</td><td> 0.77992455</td><td>0.18228784</td><td>-0.07940360</td><td> 1.00000000</td><td> 0.07125387</td><td> 0.01759409</td><td>0.18958182</td><td> 0.32252237</td><td>0.09855669</td><td>0.37197029</td></tr>\n",
       "\t<tr><th scope=row>budget</th><td> 0.10568105</td><td> 0.06816122</td><td> 0.01855931</td><td>0.04047813</td><td>0.01708638</td><td> 0.10038914</td><td> 0.06682395</td><td>0.02942336</td><td>-0.02175723</td><td> 0.07125387</td><td> 1.00000000</td><td> 0.04629319</td><td>0.03621089</td><td> 0.02904057</td><td>0.02579646</td><td>0.05303510</td></tr>\n",
       "\t<tr><th scope=row>title_year</th><td> 0.41038049</td><td>-0.12942203</td><td>-0.04460636</td><td>0.11553537</td><td>0.09374233</td><td> 0.05236800</td><td> 0.02193838</td><td>0.12401462</td><td> 0.06795245</td><td> 0.01759409</td><td> 0.04629319</td><td> 1.00000000</td><td>0.11973855</td><td>-0.12926516</td><td>0.21977924</td><td>0.30283494</td></tr>\n",
       "\t<tr><th scope=row>actor_2_facebook_likes</th><td> 0.25583672</td><td> 0.12945227</td><td> 0.11690032</td><td>0.55418237</td><td>0.39267587</td><td> 0.25465945</td><td> 0.24666028</td><td>0.64401612</td><td> 0.07413806</td><td> 0.18958182</td><td> 0.03621089</td><td> 0.11973855</td><td>1.00000000</td><td> 0.10206038</td><td>0.06421530</td><td>0.23363209</td></tr>\n",
       "\t<tr><th scope=row>imdb_score</th><td> 0.34388077</td><td> 0.36612369</td><td> 0.19083814</td><td>0.06497354</td><td>0.09313142</td><td> 0.21212439</td><td> 0.47791732</td><td>0.10625870</td><td>-0.06429247</td><td> 0.32252237</td><td> 0.02904057</td><td>-0.12926516</td><td>0.10206038</td><td> 1.00000000</td><td>0.02845372</td><td>0.27947774</td></tr>\n",
       "\t<tr><th scope=row>aspect_ratio</th><td> 0.18064082</td><td> 0.15311429</td><td> 0.03787106</td><td>0.04712336</td><td>0.05760375</td><td> 0.06526004</td><td> 0.08548456</td><td>0.06967465</td><td> 0.01662043</td><td> 0.09855669</td><td> 0.02579646</td><td> 0.21977924</td><td>0.06421530</td><td> 0.02845372</td><td>1.00000000</td><td>0.11031824</td></tr>\n",
       "\t<tr><th scope=row>movie_facebook_likes</th><td> 0.70396936</td><td> 0.21493610</td><td> 0.16273728</td><td>0.27251268</td><td>0.13177824</td><td> 0.36849402</td><td> 0.51869065</td><td>0.20706080</td><td> 0.01433235</td><td> 0.37197029</td><td> 0.05303510</td><td> 0.30283494</td><td>0.23363209</td><td> 0.27947774</td><td>0.11031824</td><td>1.00000000</td></tr>\n",
       "</tbody>\n",
       "</table>\n"
      ],
      "text/latex": [
       "A matrix: 16 × 16 of type dbl\n",
       "\\begin{tabular}{r|llllllllllllllll}\n",
       "  & num\\_critic\\_for\\_reviews & duration & director\\_facebook\\_likes & actor\\_3\\_facebook\\_likes & actor\\_1\\_facebook\\_likes & gross & num\\_voted\\_users & cast\\_total\\_facebook\\_likes & facenumber\\_in\\_poster & num\\_user\\_for\\_reviews & budget & title\\_year & actor\\_2\\_facebook\\_likes & imdb\\_score & aspect\\_ratio & movie\\_facebook\\_likes\\\\\n",
       "\\hline\n",
       "\tnum\\_critic\\_for\\_reviews &  1.00000000 &  0.22770510 &  0.17691581 & 0.25508576 & 0.17019757 &  0.46853499 &  0.59498973 & 0.24100544 & -0.03400866 &  0.56679514 &  0.10568105 &  0.41038049 & 0.25583672 &  0.34388077 & 0.18064082 & 0.70396936\\\\\n",
       "\tduration &  0.22770510 &  1.00000000 &  0.17973400 & 0.12577123 & 0.08471988 &  0.24474304 &  0.33803814 & 0.12117142 &  0.02909973 &  0.35039147 &  0.06816122 & -0.12942203 & 0.12945227 &  0.36612369 & 0.15311429 & 0.21493610\\\\\n",
       "\tdirector\\_facebook\\_likes &  0.17691581 &  0.17973400 &  1.00000000 & 0.11824025 & 0.09073261 &  0.13993814 &  0.30061915 & 0.11974122 & -0.04761895 &  0.21831138 &  0.01855931 & -0.04460636 & 0.11690032 &  0.19083814 & 0.03787106 & 0.16273728\\\\\n",
       "\tactor\\_3\\_facebook\\_likes &  0.25508576 &  0.12577123 &  0.11824025 & 1.00000000 & 0.25372024 &  0.30158391 &  0.26945536 & 0.49068631 &  0.10501768 &  0.20732096 &  0.04047813 &  0.11553537 & 0.55418237 &  0.06497354 & 0.04712336 & 0.27251268\\\\\n",
       "\tactor\\_1\\_facebook\\_likes &  0.17019757 &  0.08471988 &  0.09073261 & 0.25372024 & 1.00000000 &  0.14704475 &  0.18226526 & 0.94492526 &  0.05757968 &  0.12522139 &  0.01708638 &  0.09374233 & 0.39267587 &  0.09313142 & 0.05760375 & 0.13177824\\\\\n",
       "\tgross &  0.46853499 &  0.24474304 &  0.13993814 & 0.30158391 & 0.14704475 &  1.00000000 &  0.62694784 & 0.23868703 & -0.03225370 &  0.54710674 &  0.10038914 &  0.05236800 & 0.25465945 &  0.21212439 & 0.06526004 & 0.36849402\\\\\n",
       "\tnum\\_voted\\_users &  0.59498973 &  0.33803814 &  0.30061915 & 0.26945536 & 0.18226526 &  0.62694784 &  1.00000000 & 0.25194009 & -0.03202642 &  0.77992455 &  0.06682395 &  0.02193838 & 0.24666028 &  0.47791732 & 0.08548456 & 0.51869065\\\\\n",
       "\tcast\\_total\\_facebook\\_likes &  0.24100544 &  0.12117142 &  0.11974122 & 0.49068631 & 0.94492526 &  0.23868703 &  0.25194009 & 1.00000000 &  0.08098495 &  0.18228784 &  0.02942336 &  0.12401462 & 0.64401612 &  0.10625870 & 0.06967465 & 0.20706080\\\\\n",
       "\tfacenumber\\_in\\_poster & -0.03400866 &  0.02909973 & -0.04761895 & 0.10501768 & 0.05757968 & -0.03225370 & -0.03202642 & 0.08098495 &  1.00000000 & -0.07940360 & -0.02175723 &  0.06795245 & 0.07413806 & -0.06429247 & 0.01662043 & 0.01433235\\\\\n",
       "\tnum\\_user\\_for\\_reviews &  0.56679514 &  0.35039147 &  0.21831138 & 0.20732096 & 0.12522139 &  0.54710674 &  0.77992455 & 0.18228784 & -0.07940360 &  1.00000000 &  0.07125387 &  0.01759409 & 0.18958182 &  0.32252237 & 0.09855669 & 0.37197029\\\\\n",
       "\tbudget &  0.10568105 &  0.06816122 &  0.01855931 & 0.04047813 & 0.01708638 &  0.10038914 &  0.06682395 & 0.02942336 & -0.02175723 &  0.07125387 &  1.00000000 &  0.04629319 & 0.03621089 &  0.02904057 & 0.02579646 & 0.05303510\\\\\n",
       "\ttitle\\_year &  0.41038049 & -0.12942203 & -0.04460636 & 0.11553537 & 0.09374233 &  0.05236800 &  0.02193838 & 0.12401462 &  0.06795245 &  0.01759409 &  0.04629319 &  1.00000000 & 0.11973855 & -0.12926516 & 0.21977924 & 0.30283494\\\\\n",
       "\tactor\\_2\\_facebook\\_likes &  0.25583672 &  0.12945227 &  0.11690032 & 0.55418237 & 0.39267587 &  0.25465945 &  0.24666028 & 0.64401612 &  0.07413806 &  0.18958182 &  0.03621089 &  0.11973855 & 1.00000000 &  0.10206038 & 0.06421530 & 0.23363209\\\\\n",
       "\timdb\\_score &  0.34388077 &  0.36612369 &  0.19083814 & 0.06497354 & 0.09313142 &  0.21212439 &  0.47791732 & 0.10625870 & -0.06429247 &  0.32252237 &  0.02904057 & -0.12926516 & 0.10206038 &  1.00000000 & 0.02845372 & 0.27947774\\\\\n",
       "\taspect\\_ratio &  0.18064082 &  0.15311429 &  0.03787106 & 0.04712336 & 0.05760375 &  0.06526004 &  0.08548456 & 0.06967465 &  0.01662043 &  0.09855669 &  0.02579646 &  0.21977924 & 0.06421530 &  0.02845372 & 1.00000000 & 0.11031824\\\\\n",
       "\tmovie\\_facebook\\_likes &  0.70396936 &  0.21493610 &  0.16273728 & 0.27251268 & 0.13177824 &  0.36849402 &  0.51869065 & 0.20706080 &  0.01433235 &  0.37197029 &  0.05303510 &  0.30283494 & 0.23363209 &  0.27947774 & 0.11031824 & 1.00000000\\\\\n",
       "\\end{tabular}\n"
      ],
      "text/markdown": [
       "\n",
       "A matrix: 16 × 16 of type dbl\n",
       "\n",
       "| <!--/--> | num_critic_for_reviews | duration | director_facebook_likes | actor_3_facebook_likes | actor_1_facebook_likes | gross | num_voted_users | cast_total_facebook_likes | facenumber_in_poster | num_user_for_reviews | budget | title_year | actor_2_facebook_likes | imdb_score | aspect_ratio | movie_facebook_likes |\n",
       "|---|---|---|---|---|---|---|---|---|---|---|---|---|---|---|---|---|\n",
       "| num_critic_for_reviews |  1.00000000 |  0.22770510 |  0.17691581 | 0.25508576 | 0.17019757 |  0.46853499 |  0.59498973 | 0.24100544 | -0.03400866 |  0.56679514 |  0.10568105 |  0.41038049 | 0.25583672 |  0.34388077 | 0.18064082 | 0.70396936 |\n",
       "| duration |  0.22770510 |  1.00000000 |  0.17973400 | 0.12577123 | 0.08471988 |  0.24474304 |  0.33803814 | 0.12117142 |  0.02909973 |  0.35039147 |  0.06816122 | -0.12942203 | 0.12945227 |  0.36612369 | 0.15311429 | 0.21493610 |\n",
       "| director_facebook_likes |  0.17691581 |  0.17973400 |  1.00000000 | 0.11824025 | 0.09073261 |  0.13993814 |  0.30061915 | 0.11974122 | -0.04761895 |  0.21831138 |  0.01855931 | -0.04460636 | 0.11690032 |  0.19083814 | 0.03787106 | 0.16273728 |\n",
       "| actor_3_facebook_likes |  0.25508576 |  0.12577123 |  0.11824025 | 1.00000000 | 0.25372024 |  0.30158391 |  0.26945536 | 0.49068631 |  0.10501768 |  0.20732096 |  0.04047813 |  0.11553537 | 0.55418237 |  0.06497354 | 0.04712336 | 0.27251268 |\n",
       "| actor_1_facebook_likes |  0.17019757 |  0.08471988 |  0.09073261 | 0.25372024 | 1.00000000 |  0.14704475 |  0.18226526 | 0.94492526 |  0.05757968 |  0.12522139 |  0.01708638 |  0.09374233 | 0.39267587 |  0.09313142 | 0.05760375 | 0.13177824 |\n",
       "| gross |  0.46853499 |  0.24474304 |  0.13993814 | 0.30158391 | 0.14704475 |  1.00000000 |  0.62694784 | 0.23868703 | -0.03225370 |  0.54710674 |  0.10038914 |  0.05236800 | 0.25465945 |  0.21212439 | 0.06526004 | 0.36849402 |\n",
       "| num_voted_users |  0.59498973 |  0.33803814 |  0.30061915 | 0.26945536 | 0.18226526 |  0.62694784 |  1.00000000 | 0.25194009 | -0.03202642 |  0.77992455 |  0.06682395 |  0.02193838 | 0.24666028 |  0.47791732 | 0.08548456 | 0.51869065 |\n",
       "| cast_total_facebook_likes |  0.24100544 |  0.12117142 |  0.11974122 | 0.49068631 | 0.94492526 |  0.23868703 |  0.25194009 | 1.00000000 |  0.08098495 |  0.18228784 |  0.02942336 |  0.12401462 | 0.64401612 |  0.10625870 | 0.06967465 | 0.20706080 |\n",
       "| facenumber_in_poster | -0.03400866 |  0.02909973 | -0.04761895 | 0.10501768 | 0.05757968 | -0.03225370 | -0.03202642 | 0.08098495 |  1.00000000 | -0.07940360 | -0.02175723 |  0.06795245 | 0.07413806 | -0.06429247 | 0.01662043 | 0.01433235 |\n",
       "| num_user_for_reviews |  0.56679514 |  0.35039147 |  0.21831138 | 0.20732096 | 0.12522139 |  0.54710674 |  0.77992455 | 0.18228784 | -0.07940360 |  1.00000000 |  0.07125387 |  0.01759409 | 0.18958182 |  0.32252237 | 0.09855669 | 0.37197029 |\n",
       "| budget |  0.10568105 |  0.06816122 |  0.01855931 | 0.04047813 | 0.01708638 |  0.10038914 |  0.06682395 | 0.02942336 | -0.02175723 |  0.07125387 |  1.00000000 |  0.04629319 | 0.03621089 |  0.02904057 | 0.02579646 | 0.05303510 |\n",
       "| title_year |  0.41038049 | -0.12942203 | -0.04460636 | 0.11553537 | 0.09374233 |  0.05236800 |  0.02193838 | 0.12401462 |  0.06795245 |  0.01759409 |  0.04629319 |  1.00000000 | 0.11973855 | -0.12926516 | 0.21977924 | 0.30283494 |\n",
       "| actor_2_facebook_likes |  0.25583672 |  0.12945227 |  0.11690032 | 0.55418237 | 0.39267587 |  0.25465945 |  0.24666028 | 0.64401612 |  0.07413806 |  0.18958182 |  0.03621089 |  0.11973855 | 1.00000000 |  0.10206038 | 0.06421530 | 0.23363209 |\n",
       "| imdb_score |  0.34388077 |  0.36612369 |  0.19083814 | 0.06497354 | 0.09313142 |  0.21212439 |  0.47791732 | 0.10625870 | -0.06429247 |  0.32252237 |  0.02904057 | -0.12926516 | 0.10206038 |  1.00000000 | 0.02845372 | 0.27947774 |\n",
       "| aspect_ratio |  0.18064082 |  0.15311429 |  0.03787106 | 0.04712336 | 0.05760375 |  0.06526004 |  0.08548456 | 0.06967465 |  0.01662043 |  0.09855669 |  0.02579646 |  0.21977924 | 0.06421530 |  0.02845372 | 1.00000000 | 0.11031824 |\n",
       "| movie_facebook_likes |  0.70396936 |  0.21493610 |  0.16273728 | 0.27251268 | 0.13177824 |  0.36849402 |  0.51869065 | 0.20706080 |  0.01433235 |  0.37197029 |  0.05303510 |  0.30283494 | 0.23363209 |  0.27947774 | 0.11031824 | 1.00000000 |\n",
       "\n"
      ],
      "text/plain": [
       "                          num_critic_for_reviews duration   \n",
       "num_critic_for_reviews     1.00000000             0.22770510\n",
       "duration                   0.22770510             1.00000000\n",
       "director_facebook_likes    0.17691581             0.17973400\n",
       "actor_3_facebook_likes     0.25508576             0.12577123\n",
       "actor_1_facebook_likes     0.17019757             0.08471988\n",
       "gross                      0.46853499             0.24474304\n",
       "num_voted_users            0.59498973             0.33803814\n",
       "cast_total_facebook_likes  0.24100544             0.12117142\n",
       "facenumber_in_poster      -0.03400866             0.02909973\n",
       "num_user_for_reviews       0.56679514             0.35039147\n",
       "budget                     0.10568105             0.06816122\n",
       "title_year                 0.41038049            -0.12942203\n",
       "actor_2_facebook_likes     0.25583672             0.12945227\n",
       "imdb_score                 0.34388077             0.36612369\n",
       "aspect_ratio               0.18064082             0.15311429\n",
       "movie_facebook_likes       0.70396936             0.21493610\n",
       "                          director_facebook_likes actor_3_facebook_likes\n",
       "num_critic_for_reviews     0.17691581             0.25508576            \n",
       "duration                   0.17973400             0.12577123            \n",
       "director_facebook_likes    1.00000000             0.11824025            \n",
       "actor_3_facebook_likes     0.11824025             1.00000000            \n",
       "actor_1_facebook_likes     0.09073261             0.25372024            \n",
       "gross                      0.13993814             0.30158391            \n",
       "num_voted_users            0.30061915             0.26945536            \n",
       "cast_total_facebook_likes  0.11974122             0.49068631            \n",
       "facenumber_in_poster      -0.04761895             0.10501768            \n",
       "num_user_for_reviews       0.21831138             0.20732096            \n",
       "budget                     0.01855931             0.04047813            \n",
       "title_year                -0.04460636             0.11553537            \n",
       "actor_2_facebook_likes     0.11690032             0.55418237            \n",
       "imdb_score                 0.19083814             0.06497354            \n",
       "aspect_ratio               0.03787106             0.04712336            \n",
       "movie_facebook_likes       0.16273728             0.27251268            \n",
       "                          actor_1_facebook_likes gross       num_voted_users\n",
       "num_critic_for_reviews    0.17019757              0.46853499  0.59498973    \n",
       "duration                  0.08471988              0.24474304  0.33803814    \n",
       "director_facebook_likes   0.09073261              0.13993814  0.30061915    \n",
       "actor_3_facebook_likes    0.25372024              0.30158391  0.26945536    \n",
       "actor_1_facebook_likes    1.00000000              0.14704475  0.18226526    \n",
       "gross                     0.14704475              1.00000000  0.62694784    \n",
       "num_voted_users           0.18226526              0.62694784  1.00000000    \n",
       "cast_total_facebook_likes 0.94492526              0.23868703  0.25194009    \n",
       "facenumber_in_poster      0.05757968             -0.03225370 -0.03202642    \n",
       "num_user_for_reviews      0.12522139              0.54710674  0.77992455    \n",
       "budget                    0.01708638              0.10038914  0.06682395    \n",
       "title_year                0.09374233              0.05236800  0.02193838    \n",
       "actor_2_facebook_likes    0.39267587              0.25465945  0.24666028    \n",
       "imdb_score                0.09313142              0.21212439  0.47791732    \n",
       "aspect_ratio              0.05760375              0.06526004  0.08548456    \n",
       "movie_facebook_likes      0.13177824              0.36849402  0.51869065    \n",
       "                          cast_total_facebook_likes facenumber_in_poster\n",
       "num_critic_for_reviews    0.24100544                -0.03400866         \n",
       "duration                  0.12117142                 0.02909973         \n",
       "director_facebook_likes   0.11974122                -0.04761895         \n",
       "actor_3_facebook_likes    0.49068631                 0.10501768         \n",
       "actor_1_facebook_likes    0.94492526                 0.05757968         \n",
       "gross                     0.23868703                -0.03225370         \n",
       "num_voted_users           0.25194009                -0.03202642         \n",
       "cast_total_facebook_likes 1.00000000                 0.08098495         \n",
       "facenumber_in_poster      0.08098495                 1.00000000         \n",
       "num_user_for_reviews      0.18228784                -0.07940360         \n",
       "budget                    0.02942336                -0.02175723         \n",
       "title_year                0.12401462                 0.06795245         \n",
       "actor_2_facebook_likes    0.64401612                 0.07413806         \n",
       "imdb_score                0.10625870                -0.06429247         \n",
       "aspect_ratio              0.06967465                 0.01662043         \n",
       "movie_facebook_likes      0.20706080                 0.01433235         \n",
       "                          num_user_for_reviews budget      title_year \n",
       "num_critic_for_reviews     0.56679514           0.10568105  0.41038049\n",
       "duration                   0.35039147           0.06816122 -0.12942203\n",
       "director_facebook_likes    0.21831138           0.01855931 -0.04460636\n",
       "actor_3_facebook_likes     0.20732096           0.04047813  0.11553537\n",
       "actor_1_facebook_likes     0.12522139           0.01708638  0.09374233\n",
       "gross                      0.54710674           0.10038914  0.05236800\n",
       "num_voted_users            0.77992455           0.06682395  0.02193838\n",
       "cast_total_facebook_likes  0.18228784           0.02942336  0.12401462\n",
       "facenumber_in_poster      -0.07940360          -0.02175723  0.06795245\n",
       "num_user_for_reviews       1.00000000           0.07125387  0.01759409\n",
       "budget                     0.07125387           1.00000000  0.04629319\n",
       "title_year                 0.01759409           0.04629319  1.00000000\n",
       "actor_2_facebook_likes     0.18958182           0.03621089  0.11973855\n",
       "imdb_score                 0.32252237           0.02904057 -0.12926516\n",
       "aspect_ratio               0.09855669           0.02579646  0.21977924\n",
       "movie_facebook_likes       0.37197029           0.05303510  0.30283494\n",
       "                          actor_2_facebook_likes imdb_score  aspect_ratio\n",
       "num_critic_for_reviews    0.25583672              0.34388077 0.18064082  \n",
       "duration                  0.12945227              0.36612369 0.15311429  \n",
       "director_facebook_likes   0.11690032              0.19083814 0.03787106  \n",
       "actor_3_facebook_likes    0.55418237              0.06497354 0.04712336  \n",
       "actor_1_facebook_likes    0.39267587              0.09313142 0.05760375  \n",
       "gross                     0.25465945              0.21212439 0.06526004  \n",
       "num_voted_users           0.24666028              0.47791732 0.08548456  \n",
       "cast_total_facebook_likes 0.64401612              0.10625870 0.06967465  \n",
       "facenumber_in_poster      0.07413806             -0.06429247 0.01662043  \n",
       "num_user_for_reviews      0.18958182              0.32252237 0.09855669  \n",
       "budget                    0.03621089              0.02904057 0.02579646  \n",
       "title_year                0.11973855             -0.12926516 0.21977924  \n",
       "actor_2_facebook_likes    1.00000000              0.10206038 0.06421530  \n",
       "imdb_score                0.10206038              1.00000000 0.02845372  \n",
       "aspect_ratio              0.06421530              0.02845372 1.00000000  \n",
       "movie_facebook_likes      0.23363209              0.27947774 0.11031824  \n",
       "                          movie_facebook_likes\n",
       "num_critic_for_reviews    0.70396936          \n",
       "duration                  0.21493610          \n",
