{
 "cells": [
  {
   "cell_type": "markdown",
   "metadata": {},
   "source": [
    "# Lecture Material Notebook\n",
    "\n",
    "## Resources:\n",
    " * [R Quick Helps](http://www.statmethods.net/)\n",
    " * [Body Dimensions](https://www.openintro.org/stat/data/bdims.php)\n",
    " \n",
    "## Topics In Notebook\n",
    " * Reducing dimensions through projections\n",
    " \n",
    "<span style=\"color: #cc1652; font-weight:700\"> Video explanation of PCA: </span>https://www.youtube.com/watch?v=FgakZw6K1QQ"
   ]
  },
  {
   "cell_type": "code",
   "execution_count": 1,
   "metadata": {},
   "outputs": [
    {
     "data": {
      "text/html": [
       "<ol class=list-inline>\n",
       "\t<li>'bia.di'</li>\n",
       "\t<li>'bii.di'</li>\n",
       "\t<li>'bit.di'</li>\n",
       "\t<li>'che.de'</li>\n",
       "\t<li>'che.di'</li>\n",
       "\t<li>'elb.di'</li>\n",
       "\t<li>'wri.di'</li>\n",
       "\t<li>'kne.di'</li>\n",
       "\t<li>'ank.di'</li>\n",
       "\t<li>'sho.gi'</li>\n",
       "\t<li>'che.gi'</li>\n",
       "\t<li>'wai.gi'</li>\n",
       "\t<li>'nav.gi'</li>\n",
       "\t<li>'hip.gi'</li>\n",
       "\t<li>'thi.gi'</li>\n",
       "\t<li>'bic.gi'</li>\n",
       "\t<li>'for.gi'</li>\n",
       "\t<li>'kne.gi'</li>\n",
       "\t<li>'cal.gi'</li>\n",
       "\t<li>'ank.gi'</li>\n",
       "\t<li>'wri.gi'</li>\n",
       "\t<li>'age'</li>\n",
       "\t<li>'wgt'</li>\n",
       "\t<li>'hgt'</li>\n",
       "\t<li>'sex'</li>\n",
       "</ol>\n"
      ],
      "text/latex": [
       "\\begin{enumerate*}\n",
       "\\item 'bia.di'\n",
       "\\item 'bii.di'\n",
       "\\item 'bit.di'\n",
       "\\item 'che.de'\n",
       "\\item 'che.di'\n",
       "\\item 'elb.di'\n",
       "\\item 'wri.di'\n",
       "\\item 'kne.di'\n",
       "\\item 'ank.di'\n",
       "\\item 'sho.gi'\n",
       "\\item 'che.gi'\n",
       "\\item 'wai.gi'\n",
       "\\item 'nav.gi'\n",
       "\\item 'hip.gi'\n",
       "\\item 'thi.gi'\n",
       "\\item 'bic.gi'\n",
       "\\item 'for.gi'\n",
       "\\item 'kne.gi'\n",
       "\\item 'cal.gi'\n",
       "\\item 'ank.gi'\n",
       "\\item 'wri.gi'\n",
       "\\item 'age'\n",
       "\\item 'wgt'\n",
       "\\item 'hgt'\n",
       "\\item 'sex'\n",
       "\\end{enumerate*}\n"
      ],
      "text/markdown": [
       "1. 'bia.di'\n",
       "2. 'bii.di'\n",
       "3. 'bit.di'\n",
       "4. 'che.de'\n",
       "5. 'che.di'\n",
       "6. 'elb.di'\n",
       "7. 'wri.di'\n",
       "8. 'kne.di'\n",
       "9. 'ank.di'\n",
       "10. 'sho.gi'\n",
       "11. 'che.gi'\n",
       "12. 'wai.gi'\n",
       "13. 'nav.gi'\n",
       "14. 'hip.gi'\n",
       "15. 'thi.gi'\n",
       "16. 'bic.gi'\n",
       "17. 'for.gi'\n",
       "18. 'kne.gi'\n",
       "19. 'cal.gi'\n",
       "20. 'ank.gi'\n",
       "21. 'wri.gi'\n",
       "22. 'age'\n",
       "23. 'wgt'\n",
       "24. 'hgt'\n",
       "25. 'sex'\n",
       "\n",
       "\n"
      ],
      "text/plain": [
       " [1] \"bia.di\" \"bii.di\" \"bit.di\" \"che.de\" \"che.di\" \"elb.di\" \"wri.di\" \"kne.di\"\n",
       " [9] \"ank.di\" \"sho.gi\" \"che.gi\" \"wai.gi\" \"nav.gi\" \"hip.gi\" \"thi.gi\" \"bic.gi\"\n",
       "[17] \"for.gi\" \"kne.gi\" \"cal.gi\" \"ank.gi\" \"wri.gi\" \"age\"    \"wgt\"    \"hgt\"   \n",
       "[25] \"sex\"   "
      ]
     },
     "metadata": {},
     "output_type": "display_data"
    }
   ],
   "source": [
    "# Pull seed data down\n",
    "# Info about the bdims dataset: https://www.openintro.org/stat/data/bdims.php\n",
    "\n",
    "download.file(\"http://www.openintro.org/stat/data/bdims.RData\", destfile = \"bdims.RData\")\n",
    "load(\"bdims.RData\")\n",
    "\n",
    "names(bdims)"
   ]
  },
  {
   "cell_type": "code",
   "execution_count": 2,
   "metadata": {},
   "outputs": [
    {
     "data": {
      "text/html": [
       "<ol class=list-inline>\n",
       "\t<li>TRUE</li>\n",
       "\t<li>TRUE</li>\n",
       "\t<li>TRUE</li>\n",
       "\t<li>TRUE</li>\n",
       "\t<li>TRUE</li>\n",
       "\t<li>TRUE</li>\n",
       "\t<li>TRUE</li>\n",
       "\t<li>TRUE</li>\n",
       "\t<li>TRUE</li>\n",
       "\t<li>TRUE</li>\n",
       "\t<li>TRUE</li>\n",
       "\t<li>TRUE</li>\n",
       "\t<li>TRUE</li>\n",
       "\t<li>TRUE</li>\n",
       "\t<li>TRUE</li>\n",
       "\t<li>TRUE</li>\n",
       "\t<li>TRUE</li>\n",
       "\t<li>TRUE</li>\n",
       "\t<li>TRUE</li>\n",
       "\t<li>TRUE</li>\n",
       "\t<li>TRUE</li>\n",
       "\t<li>TRUE</li>\n",
       "\t<li>TRUE</li>\n",
       "\t<li>TRUE</li>\n",
       "\t<li>FALSE</li>\n",
       "</ol>\n"
      ],
      "text/latex": [
       "\\begin{enumerate*}\n",
       "\\item TRUE\n",
       "\\item TRUE\n",
       "\\item TRUE\n",
       "\\item TRUE\n",
       "\\item TRUE\n",
       "\\item TRUE\n",
       "\\item TRUE\n",
       "\\item TRUE\n",
       "\\item TRUE\n",
       "\\item TRUE\n",
       "\\item TRUE\n",
       "\\item TRUE\n",
       "\\item TRUE\n",
       "\\item TRUE\n",
       "\\item TRUE\n",
       "\\item TRUE\n",
       "\\item TRUE\n",
       "\\item TRUE\n",
       "\\item TRUE\n",
       "\\item TRUE\n",
       "\\item TRUE\n",
       "\\item TRUE\n",
       "\\item TRUE\n",
       "\\item TRUE\n",
       "\\item FALSE\n",
       "\\end{enumerate*}\n"
      ],
      "text/markdown": [
       "1. TRUE\n",
       "2. TRUE\n",
       "3. TRUE\n",
       "4. TRUE\n",
       "5. TRUE\n",
       "6. TRUE\n",
       "7. TRUE\n",
       "8. TRUE\n",
       "9. TRUE\n",
       "10. TRUE\n",
       "11. TRUE\n",
       "12. TRUE\n",
       "13. TRUE\n",
       "14. TRUE\n",
       "15. TRUE\n",
       "16. TRUE\n",
       "17. TRUE\n",
       "18. TRUE\n",
       "19. TRUE\n",
       "20. TRUE\n",
       "21. TRUE\n",
       "22. TRUE\n",
       "23. TRUE\n",
       "24. TRUE\n",
       "25. FALSE\n",
       "\n",
       "\n"
      ],
      "text/plain": [
       " [1]  TRUE  TRUE  TRUE  TRUE  TRUE  TRUE  TRUE  TRUE  TRUE  TRUE  TRUE  TRUE\n",
       "[13]  TRUE  TRUE  TRUE  TRUE  TRUE  TRUE  TRUE  TRUE  TRUE  TRUE  TRUE  TRUE\n",
       "[25] FALSE"
      ]
     },
     "metadata": {},
     "output_type": "display_data"
    },
    {
     "data": {
      "text/html": [
       "<table>\n",
       "<caption>A data.frame: 6 × 24</caption>\n",
       "<thead>\n",
       "\t<tr><th scope=col>bia.di</th><th scope=col>bii.di</th><th scope=col>bit.di</th><th scope=col>che.de</th><th scope=col>che.di</th><th scope=col>elb.di</th><th scope=col>wri.di</th><th scope=col>kne.di</th><th scope=col>ank.di</th><th scope=col>sho.gi</th><th scope=col>⋯</th><th scope=col>thi.gi</th><th scope=col>bic.gi</th><th scope=col>for.gi</th><th scope=col>kne.gi</th><th scope=col>cal.gi</th><th scope=col>ank.gi</th><th scope=col>wri.gi</th><th scope=col>age</th><th scope=col>wgt</th><th scope=col>hgt</th></tr>\n",
       "\t<tr><th scope=col>&lt;dbl&gt;</th><th scope=col>&lt;dbl&gt;</th><th scope=col>&lt;dbl&gt;</th><th scope=col>&lt;dbl&gt;</th><th scope=col>&lt;dbl&gt;</th><th scope=col>&lt;dbl&gt;</th><th scope=col>&lt;dbl&gt;</th><th scope=col>&lt;dbl&gt;</th><th scope=col>&lt;dbl&gt;</th><th scope=col>&lt;dbl&gt;</th><th scope=col>⋯</th><th scope=col>&lt;dbl&gt;</th><th scope=col>&lt;dbl&gt;</th><th scope=col>&lt;dbl&gt;</th><th scope=col>&lt;dbl&gt;</th><th scope=col>&lt;dbl&gt;</th><th scope=col>&lt;dbl&gt;</th><th scope=col>&lt;dbl&gt;</th><th scope=col>&lt;int&gt;</th><th scope=col>&lt;dbl&gt;</th><th scope=col>&lt;dbl&gt;</th></tr>\n",
       "</thead>\n",
       "<tbody>\n",
       "\t<tr><td>42.9</td><td>26.0</td><td>31.5</td><td>17.7</td><td>28.0</td><td>13.1</td><td>10.4</td><td>18.8</td><td>14.1</td><td>106.2</td><td>⋯</td><td>51.5</td><td>32.5</td><td>26.0</td><td>34.5</td><td>36.5</td><td>23.5</td><td>16.5</td><td>21</td><td>65.6</td><td>174.0</td></tr>\n",
       "\t<tr><td>43.7</td><td>28.5</td><td>33.5</td><td>16.9</td><td>30.8</td><td>14.0</td><td>11.8</td><td>20.6</td><td>15.1</td><td>110.5</td><td>⋯</td><td>51.5</td><td>34.4</td><td>28.0</td><td>36.5</td><td>37.5</td><td>24.5</td><td>17.0</td><td>23</td><td>71.8</td><td>175.3</td></tr>\n",
       "\t<tr><td>40.1</td><td>28.2</td><td>33.3</td><td>20.9</td><td>31.7</td><td>13.9</td><td>10.9</td><td>19.7</td><td>14.1</td><td>115.1</td><td>⋯</td><td>57.3</td><td>33.4</td><td>28.8</td><td>37.0</td><td>37.3</td><td>21.9</td><td>16.9</td><td>28</td><td>80.7</td><td>193.5</td></tr>\n",
       "\t<tr><td>44.3</td><td>29.9</td><td>34.0</td><td>18.4</td><td>28.2</td><td>13.9</td><td>11.2</td><td>20.9</td><td>15.0</td><td>104.5</td><td>⋯</td><td>53.0</td><td>31.0</td><td>26.2</td><td>37.0</td><td>34.8</td><td>23.0</td><td>16.6</td><td>23</td><td>72.6</td><td>186.5</td></tr>\n",
       "\t<tr><td>42.5</td><td>29.9</td><td>34.0</td><td>21.5</td><td>29.4</td><td>15.2</td><td>11.6</td><td>20.7</td><td>14.9</td><td>107.5</td><td>⋯</td><td>55.4</td><td>32.0</td><td>28.4</td><td>37.7</td><td>38.6</td><td>24.4</td><td>18.0</td><td>22</td><td>78.8</td><td>187.2</td></tr>\n",
       "\t<tr><td>43.3</td><td>27.0</td><td>31.5</td><td>19.6</td><td>31.3</td><td>14.0</td><td>11.5</td><td>18.8</td><td>13.9</td><td>119.8</td><td>⋯</td><td>57.5</td><td>33.0</td><td>28.0</td><td>36.6</td><td>36.1</td><td>23.5</td><td>16.9</td><td>21</td><td>74.8</td><td>181.5</td></tr>\n",
       "</tbody>\n",
       "</table>\n"
      ],
      "text/latex": [
       "A data.frame: 6 × 24\n",
       "\\begin{tabular}{r|llllllllllllllllllllllll}\n",
       " bia.di & bii.di & bit.di & che.de & che.di & elb.di & wri.di & kne.di & ank.di & sho.gi & che.gi & wai.gi & nav.gi & hip.gi & thi.gi & bic.gi & for.gi & kne.gi & cal.gi & ank.gi & wri.gi & age & wgt & hgt\\\\\n",
       " <dbl> & <dbl> & <dbl> & <dbl> & <dbl> & <dbl> & <dbl> & <dbl> & <dbl> & <dbl> & <dbl> & <dbl> & <dbl> & <dbl> & <dbl> & <dbl> & <dbl> & <dbl> & <dbl> & <dbl> & <dbl> & <int> & <dbl> & <dbl>\\\\\n",
       "\\hline\n",
       "\t 42.9 & 26.0 & 31.5 & 17.7 & 28.0 & 13.1 & 10.4 & 18.8 & 14.1 & 106.2 & 89.5 & 71.5 & 74.5 & 93.5 & 51.5 & 32.5 & 26.0 & 34.5 & 36.5 & 23.5 & 16.5 & 21 & 65.6 & 174.0\\\\\n",
       "\t 43.7 & 28.5 & 33.5 & 16.9 & 30.8 & 14.0 & 11.8 & 20.6 & 15.1 & 110.5 & 97.0 & 79.0 & 86.5 & 94.8 & 51.5 & 34.4 & 28.0 & 36.5 & 37.5 & 24.5 & 17.0 & 23 & 71.8 & 175.3\\\\\n",
       "\t 40.1 & 28.2 & 33.3 & 20.9 & 31.7 & 13.9 & 10.9 & 19.7 & 14.1 & 115.1 & 97.5 & 83.2 & 82.9 & 95.0 & 57.3 & 33.4 & 28.8 & 37.0 & 37.3 & 21.9 & 16.9 & 28 & 80.7 & 193.5\\\\\n",
       "\t 44.3 & 29.9 & 34.0 & 18.4 & 28.2 & 13.9 & 11.2 & 20.9 & 15.0 & 104.5 & 97.0 & 77.8 & 78.8 & 94.0 & 53.0 & 31.0 & 26.2 & 37.0 & 34.8 & 23.0 & 16.6 & 23 & 72.6 & 186.5\\\\\n",
       "\t 42.5 & 29.9 & 34.0 & 21.5 & 29.4 & 15.2 & 11.6 & 20.7 & 14.9 & 107.5 & 97.5 & 80.0 & 82.5 & 98.5 & 55.4 & 32.0 & 28.4 & 37.7 & 38.6 & 24.4 & 18.0 & 22 & 78.8 & 187.2\\\\\n",
       "\t 43.3 & 27.0 & 31.5 & 19.6 & 31.3 & 14.0 & 11.5 & 18.8 & 13.9 & 119.8 & 99.9 & 82.5 & 80.1 & 95.3 & 57.5 & 33.0 & 28.0 & 36.6 & 36.1 & 23.5 & 16.9 & 21 & 74.8 & 181.5\\\\\n",
       "\\end{tabular}\n"
      ],
      "text/markdown": [
       "\n",
       "A data.frame: 6 × 24\n",
       "\n",
       "| bia.di &lt;dbl&gt; | bii.di &lt;dbl&gt; | bit.di &lt;dbl&gt; | che.de &lt;dbl&gt; | che.di &lt;dbl&gt; | elb.di &lt;dbl&gt; | wri.di &lt;dbl&gt; | kne.di &lt;dbl&gt; | ank.di &lt;dbl&gt; | sho.gi &lt;dbl&gt; | ⋯ ⋯ | thi.gi &lt;dbl&gt; | bic.gi &lt;dbl&gt; | for.gi &lt;dbl&gt; | kne.gi &lt;dbl&gt; | cal.gi &lt;dbl&gt; | ank.gi &lt;dbl&gt; | wri.gi &lt;dbl&gt; | age &lt;int&gt; | wgt &lt;dbl&gt; | hgt &lt;dbl&gt; |\n",
       "|---|---|---|---|---|---|---|---|---|---|---|---|---|---|---|---|---|---|---|---|---|\n",
       "| 42.9 | 26.0 | 31.5 | 17.7 | 28.0 | 13.1 | 10.4 | 18.8 | 14.1 | 106.2 | ⋯ | 51.5 | 32.5 | 26.0 | 34.5 | 36.5 | 23.5 | 16.5 | 21 | 65.6 | 174.0 |\n",
       "| 43.7 | 28.5 | 33.5 | 16.9 | 30.8 | 14.0 | 11.8 | 20.6 | 15.1 | 110.5 | ⋯ | 51.5 | 34.4 | 28.0 | 36.5 | 37.5 | 24.5 | 17.0 | 23 | 71.8 | 175.3 |\n",
       "| 40.1 | 28.2 | 33.3 | 20.9 | 31.7 | 13.9 | 10.9 | 19.7 | 14.1 | 115.1 | ⋯ | 57.3 | 33.4 | 28.8 | 37.0 | 37.3 | 21.9 | 16.9 | 28 | 80.7 | 193.5 |\n",
       "| 44.3 | 29.9 | 34.0 | 18.4 | 28.2 | 13.9 | 11.2 | 20.9 | 15.0 | 104.5 | ⋯ | 53.0 | 31.0 | 26.2 | 37.0 | 34.8 | 23.0 | 16.6 | 23 | 72.6 | 186.5 |\n",
       "| 42.5 | 29.9 | 34.0 | 21.5 | 29.4 | 15.2 | 11.6 | 20.7 | 14.9 | 107.5 | ⋯ | 55.4 | 32.0 | 28.4 | 37.7 | 38.6 | 24.4 | 18.0 | 22 | 78.8 | 187.2 |\n",
       "| 43.3 | 27.0 | 31.5 | 19.6 | 31.3 | 14.0 | 11.5 | 18.8 | 13.9 | 119.8 | ⋯ | 57.5 | 33.0 | 28.0 | 36.6 | 36.1 | 23.5 | 16.9 | 21 | 74.8 | 181.5 |\n",
       "\n"
      ],
      "text/plain": [
       "  bia.di bii.di bit.di che.de che.di elb.di wri.di kne.di ank.di sho.gi ⋯\n",
       "1 42.9   26.0   31.5   17.7   28.0   13.1   10.4   18.8   14.1   106.2  ⋯\n",
       "2 43.7   28.5   33.5   16.9   30.8   14.0   11.8   20.6   15.1   110.5  ⋯\n",
       "3 40.1   28.2   33.3   20.9   31.7   13.9   10.9   19.7   14.1   115.1  ⋯\n",
       "4 44.3   29.9   34.0   18.4   28.2   13.9   11.2   20.9   15.0   104.5  ⋯\n",
       "5 42.5   29.9   34.0   21.5   29.4   15.2   11.6   20.7   14.9   107.5  ⋯\n",
       "6 43.3   27.0   31.5   19.6   31.3   14.0   11.5   18.8   13.9   119.8  ⋯\n",
       "  thi.gi bic.gi for.gi kne.gi cal.gi ank.gi wri.gi age wgt  hgt  \n",
       "1 51.5   32.5   26.0   34.5   36.5   23.5   16.5   21  65.6 174.0\n",
       "2 51.5   34.4   28.0   36.5   37.5   24.5   17.0   23  71.8 175.3\n",
       "3 57.3   33.4   28.8   37.0   37.3   21.9   16.9   28  80.7 193.5\n",
       "4 53.0   31.0   26.2   37.0   34.8   23.0   16.6   23  72.6 186.5\n",
       "5 55.4   32.0   28.4   37.7   38.6   24.4   18.0   22  78.8 187.2\n",
       "6 57.5   33.0   28.0   36.6   36.1   23.5   16.9   21  74.8 181.5"
      ]
     },
     "metadata": {},
     "output_type": "display_data"
    },
    {
     "data": {
      "text/html": [
       "24"
      ],
      "text/latex": [
       "24"
      ],
      "text/markdown": [
       "24"
      ],
      "text/plain": [
       "[1] 24"
      ]
     },
     "metadata": {},
     "output_type": "display_data"
    }
   ],
   "source": [
    "# Remove 'sex', since it is a factor\n",
    "\n",
    "!names(bdims) %in% c('sex') # In base R, this returns a logical value for each column, as to whether each column \n",
    "                            # is \"not in\" the 'sex' column.  # the c() function combines the elements of the \n",
    "                            # argument to form a vector\n",
    "\n",
    "lessData <- bdims[,!names(bdims) %in% c('sex')]  # Subset the bdims df to only include those columns that are\n",
    "                                                # \"not in\" the 'sex' column.  Name this subset lessData.\n",
    "\n",
    "head(lessData)\n",
    "\n",
    "ncol(lessData)"
   ]
  },
  {
   "cell_type": "markdown",
   "metadata": {},
   "source": [
    "__Reference__: http://www.sthda.com/english/wiki/principal-component-analysis-in-r-prcomp-vs-princomp-r-software-and-data-mining"
   ]
  },
  {
   "cell_type": "code",
   "execution_count": 3,
   "metadata": {},
   "outputs": [
    {
     "data": {
      "text/html": [
       "<table>\n",
       "<caption>A matrix: 24 × 24 of type dbl</caption>\n",
       "<thead>\n",
       "\t<tr><th></th><th scope=col>bia.di</th><th scope=col>bii.di</th><th scope=col>bit.di</th><th scope=col>che.de</th><th scope=col>che.di</th><th scope=col>elb.di</th><th scope=col>wri.di</th><th scope=col>kne.di</th><th scope=col>ank.di</th><th scope=col>sho.gi</th><th scope=col>⋯</th><th scope=col>thi.gi</th><th scope=col>bic.gi</th><th scope=col>for.gi</th><th scope=col>kne.gi</th><th scope=col>cal.gi</th><th scope=col>ank.gi</th><th scope=col>wri.gi</th><th scope=col>age</th><th scope=col>wgt</th><th scope=col>hgt</th></tr>\n",
       "</thead>\n",
       "<tbody>\n",
       "\t<tr><th scope=row>bia.di</th><td>1.00000000</td><td>0.3090358</td><td>0.4862726</td><td>0.5832585</td><td>0.7691406</td><td>0.7658212</td><td>0.7228388</td><td>0.6359621</td><td>0.6614162</td><td>0.7925957</td><td>⋯</td><td> 0.12192794</td><td>0.6950618</td><td>0.7526421</td><td>0.5079070</td><td>0.5108144</td><td>0.6034678</td><td>0.7715976</td><td> 0.08608447</td><td>0.7254145</td><td>0.74892183</td></tr>\n",
       "\t<tr><th scope=row>bii.di</th><td>0.30903585</td><td>1.0000000</td><td>0.6734567</td><td>0.3567852</td><td>0.3311695</td><td>0.3228573</td><td>0.2792363</td><td>0.4377883</td><td>0.3683128</td><td>0.2772388</td><td>⋯</td><td> 0.41415507</td><td>0.2991071</td><td>0.2896823</td><td>0.4724691</td><td>0.4070641</td><td>0.3358175</td><td>0.2632546</td><td> 0.24787792</td><td>0.4957573</td><td>0.38142410</td></tr>\n",
       "\t<tr><th scope=row>bit.di</th><td>0.48627257</td><td>0.6734567</td><td>1.0000000</td><td>0.4725560</td><td>0.5241288</td><td>0.5257579</td><td>0.4681583</td><td>0.6083021</td><td>0.4954057</td><td>0.4787637</td><td>⋯</td><td> 0.53177381</td><td>0.4801457</td><td>0.4780849</td><td>0.6233547</td><td>0.5929802</td><td>0.5390628</td><td>0.4795170</td><td> 0.27114384</td><td>0.6657252</td><td>0.48527895</td></tr>\n",
       "\t<tr><th scope=row>che.de</th><td>0.58325846</td><td>0.3567852</td><td>0.4725560</td><td>1.0000000</td><td>0.6650702</td><td>0.6652377</td><td>0.6081147</td><td>0.5502889</td><td>0.5978540</td><td>0.7376115</td><td>⋯</td><td> 0.35765409</td><td>0.7328977</td><td>0.7175490</td><td>0.5636517</td><td>0.5535016</td><td>0.5873425</td><td>0.6802408</td><td> 0.31540494</td><td>0.8007315</td><td>0.55291112</td></tr>\n",
       "\t<tr><th scope=row>che.di</th><td>0.76914060</td><td>0.3311695</td><td>0.5241288</td><td>0.6650702</td><td>1.0000000</td><td>0.7588682</td><td>0.7308643</td><td>0.6590648</td><td>0.6685389</td><td>0.8706480</td><td>⋯</td><td> 0.31477348</td><td>0.7923345</td><td>0.8071175</td><td>0.5928721</td><td>0.5969089</td><td>0.6350210</td><td>0.7608931</td><td> 0.19288765</td><td>0.8314645</td><td>0.62689315</td></tr>\n",
       "\t<tr><th scope=row>elb.di</th><td>0.76582124</td><td>0.3228573</td><td>0.5257579</td><td>0.6652377</td><td>0.7588682</td><td>1.0000000</td><td>0.8399305</td><td>0.7315042</td><td>0.8210977</td><td>0.8194698</td><td>⋯</td><td> 0.20691659</td><td>0.8047840</td><td>0.8582063</td><td>0.5909794</td><td>0.5799083</td><td>0.6641619</td><td>0.8457563</td><td> 0.19859008</td><td>0.8011938</td><td>0.73811293</td></tr>\n",
       "\t<tr><th scope=row>wri.di</th><td>0.72283883</td><td>0.2792363</td><td>0.4681583</td><td>0.6081147</td><td>0.7308643</td><td>0.8399305</td><td>1.0000000</td><td>0.7124844</td><td>0.7724489</td><td>0.7783992</td><td>⋯</td><td> 0.19401995</td><td>0.7621594</td><td>0.8147088</td><td>0.5818739</td><td>0.5814377</td><td>0.6546945</td><td>0.8625527</td><td> 0.20707962</td><td>0.7646054</td><td>0.67796162</td></tr>\n",
       "\t<tr><th scope=row>kne.di</th><td>0.63596211</td><td>0.4377883</td><td>0.6083021</td><td>0.5502889</td><td>0.6590648</td><td>0.7315042</td><td>0.7124844</td><td>1.0000000</td><td>0.7232729</td><td>0.6818019</td><td>⋯</td><td> 0.43152755</td><td>0.6814055</td><td>0.7206519</td><td>0.7338176</td><td>0.6860935</td><td>0.6547070</td><td>0.7311803</td><td> 0.17233593</td><td>0.7660485</td><td>0.58809509</td></tr>\n",
       "\t<tr><th scope=row>ank.di</th><td>0.66141621</td><td>0.3683128</td><td>0.4954057</td><td>0.5978540</td><td>0.6685389</td><td>0.8210977</td><td>0.7724489</td><td>0.7232729</td><td>1.0000000</td><td>0.6921115</td><td>⋯</td><td> 0.19262774</td><td>0.6862886</td><td>0.7352504</td><td>0.5423538</td><td>0.5436159</td><td>0.6772298</td><td>0.7627486</td><td> 0.23904361</td><td>0.7264682</td><td>0.68645053</td></tr>\n",
       "\t<tr><th scope=row>sho.gi</th><td>0.79259572</td><td>0.2772388</td><td>0.4787637</td><td>0.7376115</td><td>0.8706480</td><td>0.8194698</td><td>0.7783992</td><td>0.6818019</td><td>0.6921115</td><td>1.0000000</td><td>⋯</td><td> 0.32342724</td><td>0.8951884</td><td>0.8949838</td><td>0.6247826</td><td>0.6270538</td><td>0.6797568</td><td>0.8407085</td><td> 0.17683840</td><td>0.8788342</td><td>0.66573530</td></tr>\n",
       "\t<tr><th scope=row>che.gi</th><td>0.72184014</td><td>0.3256838</td><td>0.4880845</td><td>0.8065033</td><td>0.8703062</td><td>0.8031396</td><td>0.7665426</td><td>0.6522224</td><td>0.7058718</td><td>0.9271923</td><td>⋯</td><td> 0.36305077</td><td>0.9081845</td><td>0.8875909</td><td>0.6140547</td><td>0.6088643</td><td>0.6691396</td><td>0.8246754</td><td> 0.24896674</td><td>0.8989595</td><td>0.61873095</td></tr>\n",
       "\t<tr><th scope=row>wai.gi</th><td>0.64160718</td><td>0.4347003</td><td>0.5702148</td><td>0.8037549</td><td>0.7880334</td><td>0.6946192</td><td>0.6807824</td><td>0.6239675</td><td>0.6369715</td><td>0.8234546</td><td>⋯</td><td> 0.42108488</td><td>0.8047044</td><td>0.7807924</td><td>0.6582072</td><td>0.6313445</td><td>0.6558891</td><td>0.7289813</td><td> 0.36913120</td><td>0.9039908</td><td>0.55296046</td></tr>\n",
       "\t<tr><th scope=row>nav.gi</th><td>0.30571277</td><td>0.5805152</td><td>0.6175048</td><td>0.6212365</td><td>0.5012123</td><td>0.4387605</td><td>0.3992720</td><td>0.4712506</td><td>0.4365745</td><td>0.5154661</td><td>⋯</td><td> 0.60264279</td><td>0.5578071</td><td>0.4862181</td><td>0.6120932</td><td>0.5247789</td><td>0.5194785</td><td>0.4354197</td><td> 0.42218789</td><td>0.7118165</td><td>0.31319683</td></tr>\n",
       "\t<tr><th scope=row>hip.gi</th><td>0.34006147</td><td>0.5641529</td><td>0.7482328</td><td>0.5563131</td><td>0.5212073</td><td>0.4393353</td><td>0.4223687</td><td>0.5795936</td><td>0.4077358</td><td>0.5336717</td><td>⋯</td><td> 0.82894106</td><td>0.5598848</td><td>0.5143585</td><td>0.7349017</td><td>0.6745805</td><td>0.5770429</td><td>0.4588567</td><td> 0.22708011</td><td>0.7629691</td><td>0.33858399</td></tr>\n",
       "\t<tr><th scope=row>thi.gi</th><td>0.12192794</td><td>0.4141551</td><td>0.5317738</td><td>0.3576541</td><td>0.3147735</td><td>0.2069166</td><td>0.1940200</td><td>0.4315276</td><td>0.1926277</td><td>0.3234272</td><td>⋯</td><td> 1.00000000</td><td>0.4114580</td><td>0.3452848</td><td>0.6384400</td><td>0.6288901</td><td>0.4217687</td><td>0.2416102</td><td>-0.01985545</td><td>0.5585626</td><td>0.11630969</td></tr>\n",
       "\t<tr><th scope=row>bic.gi</th><td>0.69506182</td><td>0.2991071</td><td>0.4801457</td><td>0.7328977</td><td>0.7923345</td><td>0.8047840</td><td>0.7621594</td><td>0.6814055</td><td>0.6862886</td><td>0.8951884</td><td>⋯</td><td> 0.41145797</td><td>1.0000000</td><td>0.9423755</td><td>0.6207299</td><td>0.6374041</td><td>0.6693240</td><td>0.8479443</td><td> 0.17895042</td><td>0.8666722</td><td>0.58841513</td></tr>\n",
       "\t<tr><th scope=row>for.gi</th><td>0.75264209</td><td>0.2896823</td><td>0.4780849</td><td>0.7175490</td><td>0.8071175</td><td>0.8582063</td><td>0.8147088</td><td>0.7206519</td><td>0.7352504</td><td>0.8949838</td><td>⋯</td><td> 0.34528479</td><td>0.9423755</td><td>1.0000000</td><td>0.6575450</td><td>0.6701918</td><td>0.7125539</td><td>0.9047086</td><td> 0.14691546</td><td>0.8695531</td><td>0.65501784</td></tr>\n",
       "\t<tr><th scope=row>kne.gi</th><td>0.50790704</td><td>0.4724691</td><td>0.6233547</td><td>0.5636517</td><td>0.5928721</td><td>0.5909794</td><td>0.5818739</td><td>0.7338176</td><td>0.5423538</td><td>0.6247826</td><td>⋯</td><td> 0.63844001</td><td>0.6207299</td><td>0.6575450</td><td>1.0000000</td><td>0.7958277</td><td>0.7377154</td><td>0.6409596</td><td> 0.12433499</td><td>0.7955518</td><td>0.52570183</td></tr>\n",
       "\t<tr><th scope=row>cal.gi</th><td>0.51081435</td><td>0.4070641</td><td>0.5929802</td><td>0.5535016</td><td>0.5969089</td><td>0.5799083</td><td>0.5814377</td><td>0.6860935</td><td>0.5436159</td><td>0.6270538</td><td>⋯</td><td> 0.62889011</td><td>0.6374041</td><td>0.6701918</td><td>0.7958277</td><td>1.0000000</td><td>0.7622219</td><td>0.6476269</td><td> 0.10605240</td><td>0.7692826</td><td>0.45268265</td></tr>\n",
       "\t<tr><th scope=row>ank.gi</th><td>0.60346782</td><td>0.3358175</td><td>0.5390628</td><td>0.5873425</td><td>0.6350210</td><td>0.6641619</td><td>0.6546945</td><td>0.6547070</td><td>0.6772298</td><td>0.6797568</td><td>⋯</td><td> 0.42176866</td><td>0.6693240</td><td>0.7125539</td><td>0.7377154</td><td>0.7622219</td><td>1.0000000</td><td>0.7536365</td><td> 0.14105951</td><td>0.7619985</td><td>0.57090964</td></tr>\n",
       "\t<tr><th scope=row>wri.gi</th><td>0.77159759</td><td>0.2632546</td><td>0.4795170</td><td>0.6802408</td><td>0.7608931</td><td>0.8457563</td><td>0.8625527</td><td>0.7311803</td><td>0.7627486</td><td>0.8407085</td><td>⋯</td><td> 0.24161025</td><td>0.8479443</td><td>0.9047086</td><td>0.6409596</td><td>0.6476269</td><td>0.7536365</td><td>1.0000000</td><td> 0.19202406</td><td>0.8164884</td><td>0.69083434</td></tr>\n",
       "\t<tr><th scope=row>age</th><td>0.08608447</td><td>0.2478779</td><td>0.2711438</td><td>0.3154049</td><td>0.1928877</td><td>0.1985901</td><td>0.2070796</td><td>0.1723359</td><td>0.2390436</td><td>0.1768384</td><td>⋯</td><td>-0.01985545</td><td>0.1789504</td><td>0.1469155</td><td>0.1243350</td><td>0.1060524</td><td>0.1410595</td><td>0.1920241</td><td> 1.00000000</td><td>0.2072652</td><td>0.06788349</td></tr>\n",
       "\t<tr><th scope=row>wgt</th><td>0.72541446</td><td>0.4957573</td><td>0.6657252</td><td>0.8007315</td><td>0.8314645</td><td>0.8011938</td><td>0.7646054</td><td>0.7660485</td><td>0.7264682</td><td>0.8788342</td><td>⋯</td><td> 0.55856265</td><td>0.8666722</td><td>0.8695531</td><td>0.7955518</td><td>0.7692826</td><td>0.7619985</td><td>0.8164884</td><td> 0.20726524</td><td>1.0000000</td><td>0.71730108</td></tr>\n",
       "\t<tr><th scope=row>hgt</th><td>0.74892183</td><td>0.3814241</td><td>0.4852790</td><td>0.5529111</td><td>0.6268931</td><td>0.7381129</td><td>0.6779616</td><td>0.5880951</td><td>0.6864505</td><td>0.6657353</td><td>⋯</td><td> 0.11630969</td><td>0.5884151</td><td>0.6550178</td><td>0.5257018</td><td>0.4526826</td><td>0.5709096</td><td>0.6908343</td><td> 0.06788349</td><td>0.7173011</td><td>1.00000000</td></tr>\n",
       "</tbody>\n",
       "</table>\n"
      ],
      "text/latex": [
       "A matrix: 24 × 24 of type dbl\n",
       "\\begin{tabular}{r|llllllllllllllllllllllll}\n",
       "  & bia.di & bii.di & bit.di & che.de & che.di & elb.di & wri.di & kne.di & ank.di & sho.gi & che.gi & wai.gi & nav.gi & hip.gi & thi.gi & bic.gi & for.gi & kne.gi & cal.gi & ank.gi & wri.gi & age & wgt & hgt\\\\\n",
       "\\hline\n",
       "\tbia.di & 1.00000000 & 0.3090358 & 0.4862726 & 0.5832585 & 0.7691406 & 0.7658212 & 0.7228388 & 0.6359621 & 0.6614162 & 0.7925957 & 0.7218401 & 0.6416072 & 0.3057128 & 0.3400615 &  0.12192794 & 0.6950618 & 0.7526421 & 0.5079070 & 0.5108144 & 0.6034678 & 0.7715976 &  0.08608447 & 0.7254145 & 0.74892183\\\\\n",
       "\tbii.di & 0.30903585 & 1.0000000 & 0.6734567 & 0.3567852 & 0.3311695 & 0.3228573 & 0.2792363 & 0.4377883 & 0.3683128 & 0.2772388 & 0.3256838 & 0.4347003 & 0.5805152 & 0.5641529 &  0.41415507 & 0.2991071 & 0.2896823 & 0.4724691 & 0.4070641 & 0.3358175 & 0.2632546 &  0.24787792 & 0.4957573 & 0.38142410\\\\\n",
       "\tbit.di & 0.48627257 & 0.6734567 & 1.0000000 & 0.4725560 & 0.5241288 & 0.5257579 & 0.4681583 & 0.6083021 & 0.4954057 & 0.4787637 & 0.4880845 & 0.5702148 & 0.6175048 & 0.7482328 &  0.53177381 & 0.4801457 & 0.4780849 & 0.6233547 & 0.5929802 & 0.5390628 & 0.4795170 &  0.27114384 & 0.6657252 & 0.48527895\\\\\n",
       "\tche.de & 0.58325846 & 0.3567852 & 0.4725560 & 1.0000000 & 0.6650702 & 0.6652377 & 0.6081147 & 0.5502889 & 0.5978540 & 0.7376115 & 0.8065033 & 0.8037549 & 0.6212365 & 0.5563131 &  0.35765409 & 0.7328977 & 0.7175490 & 0.5636517 & 0.5535016 & 0.5873425 & 0.6802408 &  0.31540494 & 0.8007315 & 0.55291112\\\\\n",
       "\tche.di & 0.76914060 & 0.3311695 & 0.5241288 & 0.6650702 & 1.0000000 & 0.7588682 & 0.7308643 & 0.6590648 & 0.6685389 & 0.8706480 & 0.8703062 & 0.7880334 & 0.5012123 & 0.5212073 &  0.31477348 & 0.7923345 & 0.8071175 & 0.5928721 & 0.5969089 & 0.6350210 & 0.7608931 &  0.19288765 & 0.8314645 & 0.62689315\\\\\n",
       "\telb.di & 0.76582124 & 0.3228573 & 0.5257579 & 0.6652377 & 0.7588682 & 1.0000000 & 0.8399305 & 0.7315042 & 0.8210977 & 0.8194698 & 0.8031396 & 0.6946192 & 0.4387605 & 0.4393353 &  0.20691659 & 0.8047840 & 0.8582063 & 0.5909794 & 0.5799083 & 0.6641619 & 0.8457563 &  0.19859008 & 0.8011938 & 0.73811293\\\\\n",
       "\twri.di & 0.72283883 & 0.2792363 & 0.4681583 & 0.6081147 & 0.7308643 & 0.8399305 & 1.0000000 & 0.7124844 & 0.7724489 & 0.7783992 & 0.7665426 & 0.6807824 & 0.3992720 & 0.4223687 &  0.19401995 & 0.7621594 & 0.8147088 & 0.5818739 & 0.5814377 & 0.6546945 & 0.8625527 &  0.20707962 & 0.7646054 & 0.67796162\\\\\n",
       "\tkne.di & 0.63596211 & 0.4377883 & 0.6083021 & 0.5502889 & 0.6590648 & 0.7315042 & 0.7124844 & 1.0000000 & 0.7232729 & 0.6818019 & 0.6522224 & 0.6239675 & 0.4712506 & 0.5795936 &  0.43152755 & 0.6814055 & 0.7206519 & 0.7338176 & 0.6860935 & 0.6547070 & 0.7311803 &  0.17233593 & 0.7660485 & 0.58809509\\\\\n",
       "\tank.di & 0.66141621 & 0.3683128 & 0.4954057 & 0.5978540 & 0.6685389 & 0.8210977 & 0.7724489 & 0.7232729 & 1.0000000 & 0.6921115 & 0.7058718 & 0.6369715 & 0.4365745 & 0.4077358 &  0.19262774 & 0.6862886 & 0.7352504 & 0.5423538 & 0.5436159 & 0.6772298 & 0.7627486 &  0.23904361 & 0.7264682 & 0.68645053\\\\\n",
       "\tsho.gi & 0.79259572 & 0.2772388 & 0.4787637 & 0.7376115 & 0.8706480 & 0.8194698 & 0.7783992 & 0.6818019 & 0.6921115 & 1.0000000 & 0.9271923 & 0.8234546 & 0.5154661 & 0.5336717 &  0.32342724 & 0.8951884 & 0.8949838 & 0.6247826 & 0.6270538 & 0.6797568 & 0.8407085 &  0.17683840 & 0.8788342 & 0.66573530\\\\\n",
       "\tche.gi & 0.72184014 & 0.3256838 & 0.4880845 & 0.8065033 & 0.8703062 & 0.8031396 & 0.7665426 & 0.6522224 & 0.7058718 & 0.9271923 & 1.0000000 & 0.8837994 & 0.6229823 & 0.5834991 &  0.36305077 & 0.9081845 & 0.8875909 & 0.6140547 & 0.6088643 & 0.6691396 & 0.8246754 &  0.24896674 & 0.8989595 & 0.61873095\\\\\n",
       "\twai.gi & 0.64160718 & 0.4347003 & 0.5702148 & 0.8037549 & 0.7880334 & 0.6946192 & 0.6807824 & 0.6239675 & 0.6369715 & 0.8234546 & 0.8837994 & 1.0000000 & 0.7547704 & 0.6923506 &  0.42108488 & 0.8047044 & 0.7807924 & 0.6582072 & 0.6313445 & 0.6558891 & 0.7289813 &  0.36913120 & 0.9039908 & 0.55296046\\\\\n",
       "\tnav.gi & 0.30571277 & 0.5805152 & 0.6175048 & 0.6212365 & 0.5012123 & 0.4387605 & 0.3992720 & 0.4712506 & 0.4365745 & 0.5154661 & 0.6229823 & 0.7547704 & 1.0000000 & 0.8258924 &  0.60264279 & 0.5578071 & 0.4862181 & 0.6120932 & 0.5247789 & 0.5194785 & 0.4354197 &  0.42218789 & 0.7118165 & 0.31319683\\\\\n",
       "\thip.gi & 0.34006147 & 0.5641529 & 0.7482328 & 0.5563131 & 0.5212073 & 0.4393353 & 0.4223687 & 0.5795936 & 0.4077358 & 0.5336717 & 0.5834991 & 0.6923506 & 0.8258924 & 1.0000000 &  0.82894106 & 0.5598848 & 0.5143585 & 0.7349017 & 0.6745805 & 0.5770429 & 0.4588567 &  0.22708011 & 0.7629691 & 0.33858399\\\\\n",
       "\tthi.gi & 0.12192794 & 0.4141551 & 0.5317738 & 0.3576541 & 0.3147735 & 0.2069166 & 0.1940200 & 0.4315276 & 0.1926277 & 0.3234272 & 0.3630508 & 0.4210849 & 0.6026428 & 0.8289411 &  1.00000000 & 0.4114580 & 0.3452848 & 0.6384400 & 0.6288901 & 0.4217687 & 0.2416102 & -0.01985545 & 0.5585626 & 0.11630969\\\\\n",
       "\tbic.gi & 0.69506182 & 0.2991071 & 0.4801457 & 0.7328977 & 0.7923345 & 0.8047840 & 0.7621594 & 0.6814055 & 0.6862886 & 0.8951884 & 0.9081845 & 0.8047044 & 0.5578071 & 0.5598848 &  0.41145797 & 1.0000000 & 0.9423755 & 0.6207299 & 0.6374041 & 0.6693240 & 0.8479443 &  0.17895042 & 0.8666722 & 0.58841513\\\\\n",
       "\tfor.gi & 0.75264209 & 0.2896823 & 0.4780849 & 0.7175490 & 0.8071175 & 0.8582063 & 0.8147088 & 0.7206519 & 0.7352504 & 0.8949838 & 0.8875909 & 0.7807924 & 0.4862181 & 0.5143585 &  0.34528479 & 0.9423755 & 1.0000000 & 0.6575450 & 0.6701918 & 0.7125539 & 0.9047086 &  0.14691546 & 0.8695531 & 0.65501784\\\\\n",
       "\tkne.gi & 0.50790704 & 0.4724691 & 0.6233547 & 0.5636517 & 0.5928721 & 0.5909794 & 0.5818739 & 0.7338176 & 0.5423538 & 0.6247826 & 0.6140547 & 0.6582072 & 0.6120932 & 0.7349017 &  0.63844001 & 0.6207299 & 0.6575450 & 1.0000000 & 0.7958277 & 0.7377154 & 0.6409596 &  0.12433499 & 0.7955518 & 0.52570183\\\\\n",
       "\tcal.gi & 0.51081435 & 0.4070641 & 0.5929802 & 0.5535016 & 0.5969089 & 0.5799083 & 0.5814377 & 0.6860935 & 0.5436159 & 0.6270538 & 0.6088643 & 0.6313445 & 0.5247789 & 0.6745805 &  0.62889011 & 0.6374041 & 0.6701918 & 0.7958277 & 1.0000000 & 0.7622219 & 0.6476269 &  0.10605240 & 0.7692826 & 0.45268265\\\\\n",
       "\tank.gi & 0.60346782 & 0.3358175 & 0.5390628 & 0.5873425 & 0.6350210 & 0.6641619 & 0.6546945 & 0.6547070 & 0.6772298 & 0.6797568 & 0.6691396 & 0.6558891 & 0.5194785 & 0.5770429 &  0.42176866 & 0.6693240 & 0.7125539 & 0.7377154 & 0.7622219 & 1.0000000 & 0.7536365 &  0.14105951 & 0.7619985 & 0.57090964\\\\\n",
       "\twri.gi & 0.77159759 & 0.2632546 & 0.4795170 & 0.6802408 & 0.7608931 & 0.8457563 & 0.8625527 & 0.7311803 & 0.7627486 & 0.8407085 & 0.8246754 & 0.7289813 & 0.4354197 & 0.4588567 &  0.24161025 & 0.8479443 & 0.9047086 & 0.6409596 & 0.6476269 & 0.7536365 & 1.0000000 &  0.19202406 & 0.8164884 & 0.69083434\\\\\n",
       "\tage & 0.08608447 & 0.2478779 & 0.2711438 & 0.3154049 & 0.1928877 & 0.1985901 & 0.2070796 & 0.1723359 & 0.2390436 & 0.1768384 & 0.2489667 & 0.3691312 & 0.4221879 & 0.2270801 & -0.01985545 & 0.1789504 & 0.1469155 & 0.1243350 & 0.1060524 & 0.1410595 & 0.1920241 &  1.00000000 & 0.2072652 & 0.06788349\\\\\n",
       "\twgt & 0.72541446 & 0.4957573 & 0.6657252 & 0.8007315 & 0.8314645 & 0.8011938 & 0.7646054 & 0.7660485 & 0.7264682 & 0.8788342 & 0.8989595 & 0.9039908 & 0.7118165 & 0.7629691 &  0.55856265 & 0.8666722 & 0.8695531 & 0.7955518 & 0.7692826 & 0.7619985 & 0.8164884 &  0.20726524 & 1.0000000 & 0.71730108\\\\\n",
       "\thgt & 0.74892183 & 0.3814241 & 0.4852790 & 0.5529111 & 0.6268931 & 0.7381129 & 0.6779616 & 0.5880951 & 0.6864505 & 0.6657353 & 0.6187309 & 0.5529605 & 0.3131968 & 0.3385840 &  0.11630969 & 0.5884151 & 0.6550178 & 0.5257018 & 0.4526826 & 0.5709096 & 0.6908343 &  0.06788349 & 0.7173011 & 1.00000000\\\\\n",
       "\\end{tabular}\n"
      ],
      "text/markdown": [
       "\n",
       "A matrix: 24 × 24 of type dbl\n",
       "\n",
       "| <!--/--> | bia.di | bii.di | bit.di | che.de | che.di | elb.di | wri.di | kne.di | ank.di | sho.gi | ⋯ | thi.gi | bic.gi | for.gi | kne.gi | cal.gi | ank.gi | wri.gi | age | wgt | hgt |\n",
       "|---|---|---|---|---|---|---|---|---|---|---|---|---|---|---|---|---|---|---|---|---|---|\n",
       "| bia.di | 1.00000000 | 0.3090358 | 0.4862726 | 0.5832585 | 0.7691406 | 0.7658212 | 0.7228388 | 0.6359621 | 0.6614162 | 0.7925957 | ⋯ |  0.12192794 | 0.6950618 | 0.7526421 | 0.5079070 | 0.5108144 | 0.6034678 | 0.7715976 |  0.08608447 | 0.7254145 | 0.74892183 |\n",
       "| bii.di | 0.30903585 | 1.0000000 | 0.6734567 | 0.3567852 | 0.3311695 | 0.3228573 | 0.2792363 | 0.4377883 | 0.3683128 | 0.2772388 | ⋯ |  0.41415507 | 0.2991071 | 0.2896823 | 0.4724691 | 0.4070641 | 0.3358175 | 0.2632546 |  0.24787792 | 0.4957573 | 0.38142410 |\n",
       "| bit.di | 0.48627257 | 0.6734567 | 1.0000000 | 0.4725560 | 0.5241288 | 0.5257579 | 0.4681583 | 0.6083021 | 0.4954057 | 0.4787637 | ⋯ |  0.53177381 | 0.4801457 | 0.4780849 | 0.6233547 | 0.5929802 | 0.5390628 | 0.4795170 |  0.27114384 | 0.6657252 | 0.48527895 |\n",
       "| che.de | 0.58325846 | 0.3567852 | 0.4725560 | 1.0000000 | 0.6650702 | 0.6652377 | 0.6081147 | 0.5502889 | 0.5978540 | 0.7376115 | ⋯ |  0.35765409 | 0.7328977 | 0.7175490 | 0.5636517 | 0.5535016 | 0.5873425 | 0.6802408 |  0.31540494 | 0.8007315 | 0.55291112 |\n",
       "| che.di | 0.76914060 | 0.3311695 | 0.5241288 | 0.6650702 | 1.0000000 | 0.7588682 | 0.7308643 | 0.6590648 | 0.6685389 | 0.8706480 | ⋯ |  0.31477348 | 0.7923345 | 0.8071175 | 0.5928721 | 0.5969089 | 0.6350210 | 0.7608931 |  0.19288765 | 0.8314645 | 0.62689315 |\n",
       "| elb.di | 0.76582124 | 0.3228573 | 0.5257579 | 0.6652377 | 0.7588682 | 1.0000000 | 0.8399305 | 0.7315042 | 0.8210977 | 0.8194698 | ⋯ |  0.20691659 | 0.8047840 | 0.8582063 | 0.5909794 | 0.5799083 | 0.6641619 | 0.8457563 |  0.19859008 | 0.8011938 | 0.73811293 |\n",
       "| wri.di | 0.72283883 | 0.2792363 | 0.4681583 | 0.6081147 | 0.7308643 | 0.8399305 | 1.0000000 | 0.7124844 | 0.7724489 | 0.7783992 | ⋯ |  0.19401995 | 0.7621594 | 0.8147088 | 0.5818739 | 0.5814377 | 0.6546945 | 0.8625527 |  0.20707962 | 0.7646054 | 0.67796162 |\n",
       "| kne.di | 0.63596211 | 0.4377883 | 0.6083021 | 0.5502889 | 0.6590648 | 0.7315042 | 0.7124844 | 1.0000000 | 0.7232729 | 0.6818019 | ⋯ |  0.43152755 | 0.6814055 | 0.7206519 | 0.7338176 | 0.6860935 | 0.6547070 | 0.7311803 |  0.17233593 | 0.7660485 | 0.58809509 |\n",
       "| ank.di | 0.66141621 | 0.3683128 | 0.4954057 | 0.5978540 | 0.6685389 | 0.8210977 | 0.7724489 | 0.7232729 | 1.0000000 | 0.6921115 | ⋯ |  0.19262774 | 0.6862886 | 0.7352504 | 0.5423538 | 0.5436159 | 0.6772298 | 0.7627486 |  0.23904361 | 0.7264682 | 0.68645053 |\n",
       "| sho.gi | 0.79259572 | 0.2772388 | 0.4787637 | 0.7376115 | 0.8706480 | 0.8194698 | 0.7783992 | 0.6818019 | 0.6921115 | 1.0000000 | ⋯ |  0.32342724 | 0.8951884 | 0.8949838 | 0.6247826 | 0.6270538 | 0.6797568 | 0.8407085 |  0.17683840 | 0.8788342 | 0.66573530 |\n",
       "| che.gi | 0.72184014 | 0.3256838 | 0.4880845 | 0.8065033 | 0.8703062 | 0.8031396 | 0.7665426 | 0.6522224 | 0.7058718 | 0.9271923 | ⋯ |  0.36305077 | 0.9081845 | 0.8875909 | 0.6140547 | 0.6088643 | 0.6691396 | 0.8246754 |  0.24896674 | 0.8989595 | 0.61873095 |\n",
       "| wai.gi | 0.64160718 | 0.4347003 | 0.5702148 | 0.8037549 | 0.7880334 | 0.6946192 | 0.6807824 | 0.6239675 | 0.6369715 | 0.8234546 | ⋯ |  0.42108488 | 0.8047044 | 0.7807924 | 0.6582072 | 0.6313445 | 0.6558891 | 0.7289813 |  0.36913120 | 0.9039908 | 0.55296046 |\n",
       "| nav.gi | 0.30571277 | 0.5805152 | 0.6175048 | 0.6212365 | 0.5012123 | 0.4387605 | 0.3992720 | 0.4712506 | 0.4365745 | 0.5154661 | ⋯ |  0.60264279 | 0.5578071 | 0.4862181 | 0.6120932 | 0.5247789 | 0.5194785 | 0.4354197 |  0.42218789 | 0.7118165 | 0.31319683 |\n",
       "| hip.gi | 0.34006147 | 0.5641529 | 0.7482328 | 0.5563131 | 0.5212073 | 0.4393353 | 0.4223687 | 0.5795936 | 0.4077358 | 0.5336717 | ⋯ |  0.82894106 | 0.5598848 | 0.5143585 | 0.7349017 | 0.6745805 | 0.5770429 | 0.4588567 |  0.22708011 | 0.7629691 | 0.33858399 |\n",
       "| thi.gi | 0.12192794 | 0.4141551 | 0.5317738 | 0.3576541 | 0.3147735 | 0.2069166 | 0.1940200 | 0.4315276 | 0.1926277 | 0.3234272 | ⋯ |  1.00000000 | 0.4114580 | 0.3452848 | 0.6384400 | 0.6288901 | 0.4217687 | 0.2416102 | -0.01985545 | 0.5585626 | 0.11630969 |\n",
       "| bic.gi | 0.69506182 | 0.2991071 | 0.4801457 | 0.7328977 | 0.7923345 | 0.8047840 | 0.7621594 | 0.6814055 | 0.6862886 | 0.8951884 | ⋯ |  0.41145797 | 1.0000000 | 0.9423755 | 0.6207299 | 0.6374041 | 0.6693240 | 0.8479443 |  0.17895042 | 0.8666722 | 0.58841513 |\n",
       "| for.gi | 0.75264209 | 0.2896823 | 0.4780849 | 0.7175490 | 0.8071175 | 0.8582063 | 0.8147088 | 0.7206519 | 0.7352504 | 0.8949838 | ⋯ |  0.34528479 | 0.9423755 | 1.0000000 | 0.6575450 | 0.6701918 | 0.7125539 | 0.9047086 |  0.14691546 | 0.8695531 | 0.65501784 |\n",
       "| kne.gi | 0.50790704 | 0.4724691 | 0.6233547 | 0.5636517 | 0.5928721 | 0.5909794 | 0.5818739 | 0.7338176 | 0.5423538 | 0.6247826 | ⋯ |  0.63844001 | 0.6207299 | 0.6575450 | 1.0000000 | 0.7958277 | 0.7377154 | 0.6409596 |  0.12433499 | 0.7955518 | 0.52570183 |\n",
       "| cal.gi | 0.51081435 | 0.4070641 | 0.5929802 | 0.5535016 | 0.5969089 | 0.5799083 | 0.5814377 | 0.6860935 | 0.5436159 | 0.6270538 | ⋯ |  0.62889011 | 0.6374041 | 0.6701918 | 0.7958277 | 1.0000000 | 0.7622219 | 0.6476269 |  0.10605240 | 0.7692826 | 0.45268265 |\n",
